time,meanIntensity,stDevIntensity,meanPitch,stDevPitch,stDevVoiceActivity,meanVoiceActivity,syllablesPerSecond,filledPauses
0.0,0.0,0.0,0.0,0.0,0.0,0.0,0.0,0.0
1.0,2985.968371164877,2552.748797514765,0.0,0.0,0.33630343441600474,0.13,1.0,0.0
2.0,1155.029281829515,1405.373717330602,0.0,0.0,0.1705872210923198,0.03,1.0,0.0
3.0,446.3543771229643,561.2064654860488,93.28621277803636,2.821899597904172,0.4664761515876239,0.32,1.0,0.0
4.0,823.0782961815804,1140.326565961245,0.0,0.0,0.0,0.0,0.0,0.0
5.0,10.540480790564141,5.121656233468715,0.0,0.0,0.0,0.0,0.0,0.0
6.0,3358.5098533030528,5078.212132807576,0.0,0.0,0.0,0.0,0.0,0.0
7.0,5243.646566325853,3685.0321725111003,0.0,0.0,0.3363034344160047,0.13,0.0,0.0
8.0,647.4158378565473,1080.7239928783881,0.0,0.0,0.31288975694324034,0.11,1.0,0.0
9.0,168.04309301820822,365.8229632357013,0.0,0.0,0.4073082370883261,0.21,1.0,0.0
10.0,9.404668022340532,4.847658405560128,0.0,0.0,0.0,0.0,0.0,0.0
11.0,2193.6512418494567,4250.700031305909,0.0,0.0,0.0,0.0,0.0,0.0
12.0,2205.207566825646,3412.5349795095512,0.0,0.0,0.0,0.0,0.0,0.0
13.0,8.338186816713,1.1169026308451553,0.0,0.0,0.0,0.0,0.0,0.0
14.0,2820.0494445238523,3408.4823180301214,0.0,0.0,0.0,0.0,0.0,0.0
15.0,751.5434985491077,1168.6543793517048,0.0,0.0,0.48,0.36,2.0,0.0
16.0,128.78883950464896,362.81534579457036,137.16612916531636,15.32146652361169,0.31288975694324034,0.11,0.0,0.0
17.0,8.347862498364277,0.7077417456357241,0.0,0.0,0.0,0.0,0.0,0.0
18.0,6.75842838965138,0.7803028737282742,0.0,0.0,0.0,0.0,0.0,0.0
19.0,6.408047188593927,0.011456162068377723,0.0,0.0,0.0,0.0,0.0,0.0
20.0,181.012149727035,456.4563209373989,0.0,0.0,0.0,0.0,0.0,0.0
21.0,15.574560535957183,13.783622695397188,0.0,0.0,0.0,0.0,0.0,0.0
22.0,8.32981462694227,1.3233106782902222,0.0,0.0,0.0,0.0,0.0,0.0
23.0,6.403314845812347,0.00927234678009637,0.0,0.0,0.0,0.0,0.0,0.0
24.0,6.406198729465108,0.0106519358191298,0.0,0.0,0.0,0.0,0.0,0.0
25.0,632.3848801341651,1271.146802315505,0.0,0.0,0.3249615361854384,0.12,1.0,0.0
26.0,2031.735756782902,1743.4131037557263,0.0,0.0,0.0,0.0,0.0,0.0
27.0,90.17957933931595,193.18546299446626,0.0,0.0,0.0,0.0,0.0,0.0
28.0,8.759395953554552,1.9737108758612605,0.0,0.0,0.0,0.0,0.0,0.0
29.0,6.8299130961019445,0.7434487208493805,0.0,0.0,0.0,0.0,0.0,0.0
30.0,16.05541687454309,20.976180325172454,0.0,0.0,0.31288975694324034,0.11,2.0,0.0
31.0,110.51735466014425,267.4882839658576,0.0,0.0,0.0,0.0,0.0,0.0
32.0,10.629016916065712,1.6243364137885417,0.0,0.0,0.0,0.0,0.0,0.0
33.0,6.511209626421314,0.5733118738844967,0.0,0.0,0.0,0.0,0.0,0.0
34.0,6.40756391143421,0.009600270575158424,0.0,0.0,0.0,0.0,0.0,0.0
35.0,6.407901678179277,0.011096733686031925,0.0,0.0,0.0,0.0,0.0,0.0
36.0,6.405338538431847,0.009184212539927539,0.0,0.0,0.0,0.0,0.0,0.0
37.0,6.408006637790047,0.010720648439251999,0.0,0.0,0.0,0.0,0.0,0.0
38.0,50.367141420088345,110.86326889286548,0.0,0.0,0.3,0.1,1.0,0.0
39.0,25.197863256546952,49.033550733744754,0.0,0.0,0.0,0.0,0.0,0.0
40.0,7.880373391160365,1.0237897408556036,0.0,0.0,0.0,0.0,0.0,0.0
41.0,6.404515578193578,0.00928770315262176,0.0,0.0,0.0,0.0,0.0,0.0
42.0,142.61434261619914,376.0649341983827,0.0,0.0,0.0,0.0,0.0,0.0
43.0,14.398825777965087,11.063131373128005,0.0,0.0,0.0,0.0,0.0,0.0
44.0,8.116509489123231,1.076195971976171,0.0,0.0,0.0,0.0,0.0,0.0
45.0,133.7256691387046,382.9272669066985,0.0,0.0,0.3128897569432403,0.11,0.0,0.0
46.0,67.52410910189504,145.8772280446098,0.0,0.0,0.0,0.0,0.0,0.0
47.0,9.083958452628723,1.3663298640008563,0.0,0.0,0.0,0.0,0.0,0.0
48.0,2474.748276082029,3104.958948481944,0.0,0.0,0.4918333050943175,0.41,2.0,0.0
49.0,3498.2900221872296,2514.716098871042,0.0,0.0,0.49507575177946245,0.43,2.0,0.0
50.0,445.24401898067094,568.5260175189962,140.3702725430563,6.790016136475616,0.46647615158762396,0.32,1.0,0.0
51.0,9.417716034219824,1.8514841535524391,0.0,0.0,0.0,0.0,0.0,0.0
52.0,5481.107685910339,4414.581946064215,0.0,0.0,0.49749371855331,0.45,2.0,0.0
53.0,5724.090124415271,3910.0122629538982,122.80455501865318,6.420200769342584,0.4537620521815371,0.71,5.0,0.0
54.0,2966.7766271884816,3151.2643507631205,0.0,0.0,0.49355850717012273,0.58,3.0,0.0
55.0,751.1938511544636,928.5495649822303,0.0,0.0,0.0,0.0,0.0,0.0
56.0,1985.8570116911035,3250.011280230298,0.0,0.0,0.4330127018922193,0.25,0.0,0.0
57.0,45.492586509371904,98.06886179612484,0.0,0.0,0.0,0.0,0.0,0.0
58.0,7.711697389221639,0.6275584547940504,0.0,0.0,0.0,0.0,0.0,0.0
59.0,199.93253077781367,495.46498407012086,0.0,0.0,0.0,0.0,0.0,0.0
60.0,117.97060843218982,189.63197996429162,0.0,0.0,0.31288975694324034,0.11,1.0,0.0
61.0,8.730612912776898,0.893045733380927,0.0,0.0,0.0,0.0,0.0,0.0
62.0,5730.149528486609,4541.885080100692,0.0,0.0,0.4995998398718718,0.48,4.0,0.0
63.0,3966.6481074544886,4724.619457866928,123.23302333837871,8.428145830239021,0.4995998398718718,0.52,1.0,0.0
64.0,3531.899207463872,3660.3176547347466,0.0,0.0,0.4963869458396343,0.56,3.0,0.0
65.0,5370.016219013731,2529.653016382655,0.0,0.0,0.49507575177946245,0.57,3.0,0.0
66.0,3114.8289579661773,2610.6018199928926,108.19352100651841,8.535769449804418,0.4898979485566357,0.4,2.0,0.0
67.0,2478.757350670541,3930.2163105155178,0.0,0.0,0.3128897569432403,0.11,1.0,0.0
68.0,101.26101612994131,283.91658065589786,0.0,0.0,0.0,0.0,0.0,0.0
69.0,1553.2143410240521,2678.247281505082,0.0,0.0,0.0,0.0,0.0,0.0
70.0,998.0986345370658,1302.5248943974443,0.0,0.0,0.31288975694324034,0.11,0.0,0.0
71.0,6.403791560422913,0.008144797822767618,0.0,0.0,0.0,0.0,0.0,0.0
72.0,736.9207203743977,2529.0057735603827,0.0,0.0,0.25514701644346144,0.07,0.0,0.0
73.0,6512.615758782104,4277.865825561215,0.0,0.0,0.49355850717012273,0.58,3.0,0.0
74.0,3380.378702459124,3577.0385274906353,0.0,0.0,0.4998999899979995,0.49,4.0,0.0
75.0,5031.399692333487,3350.525759679624,113.21573085287255,3.9293014422249297,0.4386342439892262,0.74,4.0,0.0
76.0,4765.50615708673,3310.4792587906372,109.8092014470599,7.722022284855109,0.49839743177508444,0.54,3.0,0.0
77.0,582.253429733172,898.1335124643533,123.70653991902778,11.486604584632177,0.384187454245971,0.18,1.0,0.0
78.0,2037.0603034208254,2998.5728356567574,0.0,0.0,0.4386342439892261,0.26,0.0,0.0
79.0,12.364940425658812,16.254322918053113,0.0,0.0,0.0,0.0,0.0,0.0
80.0,57.7590952138107,108.78674430551885,0.0,0.0,0.0,0.0,0.0,0.0
81.0,10.35735103201393,8.407249575333772,0.0,0.0,0.0,0.0,0.0,0.0
82.0,3463.3437619657675,3744.8652072619825,0.0,0.0,0.3249615361854384,0.12,0.0,0.0
83.0,318.8146667266368,647.6363214323907,0.0,0.0,0.31288975694324034,0.11,1.0,0.0
84.0,7.022569851644985,1.047352979908669,0.0,0.0,0.0,0.0,0.0,0.0
85.0,28.646180663942925,41.59386604283244,0.0,0.0,0.41424630354415964,0.22,2.0,0.0
86.0,10.357978045904304,2.1195964232276703,0.0,0.0,0.0,0.0,0.0,0.0
87.0,7.9744976658325815,0.6432496146664848,0.0,0.0,0.0,0.0,0.0,0.0
88.0,6.405236263250264,0.01109770536007757,0.0,0.0,0.0,0.0,0.0,0.0
89.0,1078.0778999892084,2434.911870231263,0.0,0.0,0.0,0.0,0.0,0.0
90.0,491.3030070510866,1080.8944397806822,143.35255289224676,5.7137909314628335,0.3756327994198589,0.17,1.0,0.0
91.0,181.92896404003832,354.1631826115554,0.0,0.0,0.36660605559646725,0.16,2.0,0.0
92.0,44.4005072555997,55.10300200992395,0.0,0.0,0.4,0.2,2.0,0.0
93.0,7.226229102466249,1.717994242474035,0.0,0.0,0.0,0.0,0.0,0.0
94.0,6.406005497401033,0.009198974372227758,0.0,0.0,0.0,0.0,0.0,0.0
95.0,988.7312826158685,2467.3990340688574,0.0,0.0,0.384187454245971,0.18,1.0,0.0
96.0,7419.8996422509035,2739.7048604119186,0.0,0.0,0.0,0.0,0.0,0.0
97.0,207.0583578528878,519.6316080252117,0.0,0.0,0.0,0.0,0.0,0.0
98.0,4525.453580774917,3403.715960597729,109.35993633337917,6.048133491077646,0.46249324319388707,0.69,5.0,0.0
99.0,1804.4135784349855,2775.6834466851565,132.64717875704193,13.366790695346165,0.49959983987187184,0.48,2.0,0.0
100.0,1771.2400659187458,3126.95098051957,0.0,0.0,0.4386342439892262,0.26,2.0,0.0
101.0,3307.789291554939,3098.559674726028,0.0,0.0,0.4983974317750845,0.46,3.0,0.0
102.0,2381.050388605781,3600.2663682011153,99.19058322166691,0.5328001536686888,0.3570714214271425,0.15,0.0,0.0
103.0,2932.559048415625,4847.745051522776,0.0,0.0,0.4386342439892262,0.26,0.0,0.0
104.0,384.88132595101143,721.7321487034405,0.0,0.0,0.21794494717703367,0.05,0.0,0.0
105.0,416.1470158038381,843.0328890047105,0.0,0.0,0.0,0.0,0.0,0.0
106.0,356.21877449967263,1628.9425461882436,0.0,0.0,0.19595917942265423,0.04,0.0,0.0
107.0,5239.128047825849,4169.958539285475,0.0,0.0,0.4918333050943175,0.41,2.0,0.0
108.0,4850.845090978419,3427.3302352003384,126.77129934509298,6.950714005627949,0.49959983987187184,0.48,2.0,0.0
109.0,5490.52723799845,3388.832930598338,116.38907426957721,2.4275663383782398,0.4270831300812525,0.76,5.0,0.0
110.0,167.43934519735433,338.96463982917294,133.29276237535103,7.701971724593495,0.3,0.1,0.0,0.0
111.0,77.06624998330359,370.85833832763217,0.0,0.0,0.0,0.0,0.0,0.0
112.0,791.5469906466552,1012.9640779204992,0.0,0.0,0.3923009049186606,0.19,2.0,0.0
113.0,129.59772454928495,375.09721397542705,0.0,0.0,0.0,0.0,0.0,0.0
114.0,3428.587586571217,2973.547896429167,0.0,0.0,0.407308237088326,0.21,1.0,0.0
115.0,396.26657247364363,630.5406403700562,0.0,0.0,0.25514701644346144,0.07,0.0,0.0
116.0,8.388197092549008,2.784580543660506,0.0,0.0,0.0,0.0,0.0,0.0
117.0,6.403286688489097,0.009260485734181962,0.0,0.0,0.0,0.0,0.0,0.0
118.0,328.1486255425847,543.9766494308114,0.0,0.0,0.48,0.36,2.0,0.0
119.0,485.1410131926496,1646.4877594597478,0.0,0.0,0.34698703145794946,0.14,0.0,0.0
120.0,93.19390651953026,426.8218838483016,0.0,0.0,0.0,0.0,0.0,0.0
121.0,620.9512015001816,1068.8953694598672,0.0,0.0,0.34698703145794946,0.14,1.0,0.0
122.0,9.405994599215228,1.353422755938291,0.0,0.0,0.0,0.0,0.0,0.0
123.0,31.838874040320462,53.19086261897212,0.0,0.0,0.0,0.0,0.0,0.0
124.0,7.8781019005778194,5.865457640782578,0.0,0.0,0.0,0.0,0.0,0.0
125.0,6.407227989670235,0.008534254525001275,0.0,0.0,0.0,0.0,0.0,0.0
126.0,6117.34579577407,4478.795878099368,131.15599580956714,6.1239196589001645,0.4737087712930805,0.66,4.0,0.0
127.0,4718.942387828266,3040.9051748821407,0.0,0.0,0.4386342439892262,0.74,6.0,0.0
128.0,4408.871887408266,3383.097191246944,0.0,0.0,0.4998999899979995,0.49,2.0,0.0
129.0,3850.9499350871024,2981.18498795149,107.42654183592653,5.798929434404191,0.4828043081829324,0.37,1.0,0.0
130.0,1237.4661822650335,2597.8992156817862,0.0,0.0,0.45825756949558394,0.3,0.0,0.0
131.0,4406.6621895505305,4307.306223727978,0.0,0.0,0.3570714214271425,0.15,1.0,0.0
132.0,168.11951685993625,443.47667651365936,143.3641895772376,2.5065835681714503,0.3,0.1,1.0,0.0
133.0,2706.431639139041,3902.037366411198,0.0,0.0,0.0,0.0,0.0,0.0
134.0,1367.62058801838,2434.4663542294775,0.0,0.0,0.0,0.0,0.0,0.0
135.0,1528.8596213685048,3059.188208858858,0.0,0.0,0.0,0.0,0.0,0.0
136.0,15.069354852047482,20.3285087452518,0.0,0.0,0.0,0.0,0.0,0.0
137.0,9.677242818640183,1.7755720192412163,0.0,0.0,0.0,0.0,0.0,0.0
138.0,143.17734350535275,393.9234992001987,0.0,0.0,0.3128897569432403,0.11,1.0,0.0
139.0,8.8740735072395,2.9704275263514823,0.0,0.0,0.0,0.0,0.0,0.0
140.0,10.802023432362903,5.9912075182500235,0.0,0.0,0.0,0.0,0.0,0.0
141.0,482.2638232082648,1644.645191755628,0.0,0.0,0.0,0.0,0.0,0.0
142.0,422.0312063458764,642.2126517034228,0.0,0.0,0.0,0.0,0.0,0.0
143.0,11.60938597895354,10.285615964206537,0.0,0.0,0.0,0.0,0.0,0.0
144.0,8.814740092228684,1.6576520383038824,0.0,0.0,0.0,0.0,0.0,0.0
145.0,2092.904636061783,3184.9285572020244,171.76007418954134,61.813196225031376,0.4439594576084623,0.27,2.0,0.0
146.0,6539.365113529422,4529.276474451711,0.0,0.0,0.48280430818293246,0.63,5.0,0.0
147.0,5322.681139798897,2927.595107526569,0.0,0.0,0.44899888641287283,0.72,5.0,0.0
148.0,4672.5404109418505,2832.9770777549297,111.7235682602971,3.752568626357391,0.48000000000000004,0.64,5.0,0.0
149.0,4046.882465703401,3782.3994750799807,0.0,0.0,0.4963869458396343,0.56,4.0,0.0
150.0,885.6511881160507,1441.268911301708,114.04953458049216,14.755486350018758,0.4664761515876239,0.32,1.0,0.0
151.0,2043.312333536084,4379.102734311692,0.0,0.0,0.0,0.0,0.0,0.0
152.0,6593.179460042272,4002.9965047830733,0.0,0.0,0.31288975694324034,0.11,1.0,0.0
153.0,14.79099238556879,12.698355608829026,0.0,0.0,0.0,0.0,0.0,0.0
154.0,3717.48143803371,4434.89674646931,198.36050255161902,14.022571722826365,0.4,0.2,1.0,0.0
155.0,459.99814390091996,881.3468974496056,0.0,0.0,0.33630343441600474,0.13,0.0,0.0
156.0,94.2856662259964,180.26951188523375,0.0,0.0,0.0,0.0,0.0,0.0
157.0,2876.6316312465033,3669.366486604285,0.0,0.0,0.49989998999799945,0.51,3.0,0.0
158.0,3562.971678300837,3713.768547242195,0.0,0.0,0.47021271782034985,0.33,1.0,0.0
159.0,4729.0404725886265,4459.251549645556,119.0218349827156,4.785196136372403,0.4898979485566356,0.6,5.0,0.0
160.0,5278.899392842947,3960.195340588275,141.61763305637197,11.222394413282222,0.4828043081829324,0.63,3.0,0.0
161.0,5613.359355419534,3654.5255509563412,120.04033302979495,5.358383840602512,0.45825756949558394,0.7,4.0,0.0
162.0,4462.753747881302,3273.9509342334645,115.88198469812133,2.1498768183613572,0.3,0.9,4.0,0.0
163.0,4381.622315702506,3204.315986749773,111.66913261194702,3.6707573073938082,0.4983974317750845,0.46,3.0,0.0
164.0,94.2598036689771,153.659588973192,146.4432660285615,6.090649323309269,0.4664761515876239,0.32,0.0,0.0
165.0,8624.373207193035,3399.3502884073073,0.0,0.0,0.0,0.0,0.0,0.0
166.0,1268.7135837886342,2317.0039024678604,0.0,0.0,0.0,0.0,0.0,0.0
167.0,721.6594351634736,1086.5489193847982,0.0,0.0,0.3570714214271425,0.15,1.0,0.0
168.0,3992.5390811484303,5325.842126099189,0.0,0.0,0.0,0.0,0.0,0.0
169.0,1331.8262286251397,2091.7068759511285,0.0,0.0,0.34698703145794946,0.14,1.0,0.0
170.0,968.0091524339268,1361.718336194914,134.73773716676303,14.7839249389504,0.487749935930288,0.39,0.0,0.0
171.0,9.790825586342974,3.0727534154703995,0.0,0.0,0.0,0.0,0.0,0.0
172.0,3028.2690751583896,3903.5033085806594,0.0,0.0,0.46647615158762396,0.32,2.0,0.0
173.0,5993.309845541008,4254.5724052294045,120.63997782598196,6.31028376927793,0.46647615158762396,0.68,4.0,0.0
174.0,4564.441167114206,3533.3237378747785,115.30169878031984,6.4112089193751896,0.4918333050943174,0.59,4.0,0.0
175.0,2606.9366536962675,2817.7003755860837,0.0,0.0,0.4983974317750845,0.46,3.0,0.0
176.0,2363.2220339678247,1649.1002015994216,107.30740485635664,3.511153746926938,0.48,0.36,1.0,0.0
177.0,82.69263492963366,152.44497641878283,145.08432551642943,1.2397457672337557,0.36660605559646725,0.16,1.0,0.0
178.0,6.403680207234851,0.007124095507534096,0.0,0.0,0.0,0.0,0.0,0.0
179.0,931.6832110544274,1980.0815957270497,0.0,0.0,0.4270831300812525,0.24,2.0,0.0
180.0,308.2333743996955,398.46511432085134,0.0,0.0,0.3249615361854384,0.12,0.0,0.0
181.0,504.6541094422678,895.7902209782641,0.0,0.0,0.0,0.0,0.0,0.0
182.0,1953.2269007125913,2683.711499531158,0.0,0.0,0.4828043081829324,0.37,2.0,0.0
183.0,500.87732050037425,626.4864892296566,0.0,0.0,0.0,0.0,0.0,0.0
184.0,8.718080084080935,2.9445414449111467,0.0,0.0,0.0,0.0,0.0,0.0
185.0,155.04147135737017,346.173809182247,0.0,0.0,0.0,0.0,0.0,0.0
186.0,4213.5251564117425,3935.675349245995,0.0,0.0,0.0,0.0,0.0,0.0
187.0,910.4276032359221,1912.6496991996964,0.0,0.0,0.31288975694324034,0.11,0.0,0.0
188.0,8.233023105548709,1.752972285539602,0.0,0.0,0.0,0.0,0.0,0.0
189.0,2105.5745759493734,2104.9202718075376,0.0,0.0,0.4,0.2,1.0,0.0
190.0,10.53396250760808,3.0811955602124192,0.0,0.0,0.0,0.0,0.0,0.0
191.0,10.187663912086096,5.902804422876439,0.0,0.0,0.0,0.0,0.0,0.0
192.0,870.6731125759708,1871.836811415534,0.0,0.0,0.4489988864128729,0.28,2.0,0.0
193.0,4328.3695826316425,3768.3957746844812,0.0,0.0,0.4898979485566356,0.4,2.0,0.0
194.0,5396.831753130126,3441.201740432206,0.0,0.0,0.4877499359302879,0.61,3.0,0.0
195.0,3721.004776724411,2944.799721526556,0.0,0.0,0.485386443980464,0.62,4.0,0.0
196.0,2325.6276197757775,2346.6491135912156,116.43225345014413,9.303246863924299,0.49749371855331004,0.45,2.0,0.0
197.0,392.309067009134,1233.2070424587466,0.0,0.0,0.0,0.0,0.0,0.0
198.0,3454.4755435513694,1352.5661420924025,0.0,0.0,0.0,0.0,0.0,0.0
199.0,1644.4150736959261,3286.646271810557,0.0,0.0,0.0,0.0,0.0,0.0
200.0,3093.0317903935065,4075.4837832289522,0.0,0.0,0.0,0.0,0.0,0.0
201.0,4080.9114318029565,4994.979815802259,0.0,0.0,0.0,0.0,0.0,0.0
202.0,2348.640516448515,3512.6044066344502,0.0,0.0,0.0,0.0,0.0,0.0
203.0,4553.461378145155,4625.725556070803,0.0,0.0,0.0,0.0,0.0,0.0
204.0,752.5707898596843,1735.0288017195628,0.0,0.0,0.3363034344160047,0.13,2.0,0.0
205.0,8.204936739328996,1.1727331756127748,0.0,0.0,0.0,0.0,0.0,0.0
206.0,3084.9271271472903,2711.4156618867805,0.0,0.0,0.47021271782034973,0.67,3.0,0.0
207.0,2572.937180632356,2474.960211404113,0.0,0.0,0.4330127018922193,0.25,1.0,0.0
208.0,3058.92746770694,3656.4437882689376,0.0,0.0,0.48000000000000004,0.36,2.0,0.0
209.0,5368.364802695045,4065.0993018484824,129.56629951562957,5.398172483860331,0.466476151587624,0.68,4.0,0.0
210.0,2075.254927919577,2841.7379410410967,121.84558106235559,11.80700731186761,0.49355850717012273,0.58,2.0,0.0
211.0,3577.3968895403355,3097.551083350485,0.0,0.0,0.40730823708832603,0.79,5.0,0.0
212.0,3383.3576707565676,3563.153253279153,108.67991965046248,2.471997578654044,0.44899888641287283,0.28,1.0,0.0
213.0,514.7360428652896,1026.6625580150076,0.0,0.0,0.3128897569432403,0.11,0.0,0.0
214.0,226.153283172423,338.13703894602304,0.0,0.0,0.0,0.0,0.0,0.0
215.0,7.026539467443823,0.6165543012859307,0.0,0.0,0.0,0.0,0.0,0.0
216.0,13.194561988766356,13.710441538417848,0.0,0.0,0.0,0.0,0.0,0.0
217.0,3025.373018639273,3724.3393969592075,0.0,0.0,0.34698703145794946,0.14,0.0,0.0
218.0,516.9893683589634,1433.0776899609464,0.0,0.0,0.0,0.0,0.0,0.0
219.0,2431.349987193442,2419.685459615727,115.36531138510247,18.339298959659796,0.3923009049186606,0.19,1.0,0.0
220.0,13.599330661719277,5.5539478899654995,0.0,0.0,0.0,0.0,0.0,0.0
221.0,1056.8761758013648,1409.7690866059745,0.0,0.0,0.0,0.0,0.0,0.0
222.0,11.525093615131734,2.0834906572555716,0.0,0.0,0.0,0.0,0.0,0.0
223.0,421.6998714622209,999.4951648515032,0.0,0.0,0.0,0.0,0.0,0.0
224.0,841.157922226955,767.2978558237111,0.0,0.0,0.0,0.0,0.0,0.0
225.0,2026.2870716950817,3682.8491011937813,0.0,0.0,0.0,0.0,0.0,0.0
226.0,15.122585426589216,6.236182879867539,0.0,0.0,0.0,0.0,0.0,0.0
227.0,24.414477978741118,86.14675676833005,0.0,0.0,0.0,0.0,0.0,0.0
228.0,6412.212489237494,3768.468782321384,0.0,0.0,0.4898979485566357,0.6,4.0,0.0
229.0,3230.7170344823685,2586.1301961479553,118.1188879705722,4.174377137110144,0.466476151587624,0.68,5.0,0.0
230.0,2416.949418863166,1960.1724149183792,0.0,0.0,0.4898979485566357,0.6,3.0,0.0
231.0,1889.098658418836,2826.296073922443,130.5456026493045,22.480370641989882,0.49749371855331004,0.45,2.0,0.0
232.0,156.0551400839297,326.401102469044,130.77992282565023,7.445992897717078,0.4877499359302879,0.39,1.0,0.0
233.0,2298.5391558365345,4198.656189304678,0.0,0.0,0.453762052181537,0.29,2.0,0.0
234.0,693.8528561852401,1496.9625288238435,0.0,0.0,0.3249615361854384,0.12,0.0,0.0
235.0,328.01976435835934,831.5918173872581,0.0,0.0,0.0,0.0,0.0,0.0
236.0,461.61775957374164,936.2724759077545,0.0,0.0,0.0,0.0,0.0,0.0
237.0,773.035150983973,1224.966167902385,0.0,0.0,0.0,0.0,0.0,0.0
238.0,1009.1966678767582,887.2448072230592,0.0,0.0,0.407308237088326,0.21,2.0,0.0
239.0,185.93033252774592,284.7121137157036,0.0,0.0,0.0,0.0,0.0,0.0
240.0,44.64277390880821,170.90383276059475,0.0,0.0,0.0,0.0,0.0,0.0
241.0,1817.0432428218292,3347.1616745291785,0.0,0.0,0.31288975694324034,0.11,0.0,0.0
242.0,182.56262856295524,356.65568219354884,0.0,0.0,0.3756327994198589,0.17,0.0,0.0
243.0,10.509529763514115,1.37386166303389,0.0,0.0,0.0,0.0,0.0,0.0
244.0,992.5988657084047,2794.155415122888,0.0,0.0,0.30000000000000004,0.1,1.0,0.0
245.0,5558.937253226135,3385.642562426568,0.0,0.0,0.38418745424597095,0.82,4.0,0.0
246.0,4845.976933487039,2890.01191995777,118.20018069167116,3.129098088719674,0.4330127018922193,0.75,5.0,0.0
247.0,4290.174675827188,2943.8545037053063,115.8510474901656,4.191738891730295,0.34698703145794946,0.86,4.0,0.0
248.0,3702.3570833771773,3498.0007082457605,112.57605118441901,18.512742168625874,0.4330127018922193,0.25,3.0,0.0
249.0,2968.3718560032667,5055.095172715068,137.1711878746406,12.366792872556035,0.4489988864128728,0.28,1.0,0.0
250.0,1388.5866993868465,2422.526741377192,0.0,0.0,0.0,0.0,0.0,0.0
251.0,26.02344272040703,20.736669685780786,0.0,0.0,0.0,0.0,0.0,0.0
252.0,7.293694172203821,0.9856392388381331,0.0,0.0,0.0,0.0,0.0,0.0
253.0,6.406081454300955,0.009345799838082097,0.0,0.0,0.0,0.0,0.0,0.0
254.0,1915.400813282755,3820.135829009485,0.0,0.0,0.46647615158762396,0.32,4.0,0.0
255.0,4258.293664529729,4402.179077477804,0.0,0.0,0.41424630354415964,0.22,1.0,0.0
256.0,241.38379772591674,708.6033117498022,0.0,0.0,0.0,0.0,0.0,0.0
257.0,3154.0373137551583,2999.1013198692126,0.0,0.0,0.45376205218153715,0.71,4.0,0.0
258.0,3368.195829482627,3162.488040433209,0.0,0.0,0.0,0.0,0.0,0.0
259.0,1773.1061688018701,2669.7800629297467,0.0,0.0,0.4,0.2,0.0,0.0
260.0,3323.0857640037098,3693.8648257492287,0.0,0.0,0.48000000000000004,0.36,2.0,0.0
261.0,2938.42225534503,2614.2866225743255,0.0,0.0,0.49989998999799945,0.49,3.0,0.0
262.0,4111.580233523193,4682.359127196572,0.0,0.0,0.0,0.0,0.0,0.0
263.0,3538.2266952881314,4806.5798708425455,103.24141506373319,9.204543702737682,0.31288975694324034,0.11,1.0,0.0
264.0,1576.6937017802684,2774.437579549125,0.0,0.0,0.0,0.0,0.0,0.0
265.0,10.661228061142108,2.8622486516618864,0.0,0.0,0.0,0.0,0.0,0.0
266.0,2001.1117219593839,1715.6939861674398,109.00635663792845,13.42271656257174,0.4737087712930804,0.34,2.0,0.0
267.0,7.411684027596131,0.916852601681586,0.0,0.0,0.0,0.0,0.0,0.0
268.0,2534.055374671338,2271.105752626064,0.0,0.0,0.0,0.0,0.0,0.0
269.0,2799.4736859483305,4693.405683808235,0.0,0.0,0.485386443980464,0.38,1.0,0.0
270.0,660.4783299976937,1038.1265766081267,0.0,0.0,0.33630343441600474,0.13,0.0,0.0
271.0,408.69975289994863,892.7175730682817,136.2991955489422,14.055174614717584,0.44395945760846234,0.27,1.0,0.0
272.0,2799.0477277510545,3616.2850962781454,0.0,0.0,0.31288975694324034,0.11,1.0,0.0
273.0,49.71709029420897,82.85080605067071,142.64196476653942,5.804251459431321,0.4330127018922193,0.25,1.0,0.0
274.0,1258.637596648283,1601.2465962444587,0.0,0.0,0.3,0.1,2.0,0.0
275.0,761.1972049588137,1389.0841239899205,0.0,0.0,0.37563279941985894,0.17,1.0,0.0
276.0,825.229064991528,2645.895958105581,0.0,0.0,0.0,0.0,0.0,0.0
277.0,6272.453665991147,3923.243125951899,0.0,0.0,0.0,0.0,0.0,0.0
278.0,644.1110039388931,1388.2203400364244,139.54422537753015,7.437969413470427,0.44899888641287283,0.28,1.0,0.0
279.0,2158.159687403451,3217.2738970057476,0.0,0.0,0.4208325082500164,0.23,2.0,0.0
280.0,16.66655869654846,15.484195787296157,0.0,0.0,0.0,0.0,0.0,0.0
281.0,5677.494916710595,3621.1936127802433,0.0,0.0,0.0,0.0,0.0,0.0
282.0,2275.430938473717,3084.8823771144207,0.0,0.0,0.44395945760846234,0.27,4.0,0.0
283.0,7.731438734621415,1.5844475267319282,0.0,0.0,0.0,0.0,0.0,0.0
284.0,4442.14125935675,4640.590977724081,0.0,0.0,0.3570714214271425,0.15,1.0,0.0
285.0,85.7133675234488,221.1226897040046,0.0,0.0,0.0,0.0,0.0,0.0
286.0,2570.8056338415163,3697.25410165379,133.47039872381205,34.666351995508805,0.453762052181537,0.29,3.0,0.0
287.0,10.849154325789113,4.020983600361606,0.0,0.0,0.0,0.0,0.0,0.0
288.0,2929.3409487223016,3051.4081035545064,0.0,0.0,0.0,0.0,0.0,0.0
289.0,41.804426817939515,96.87316873248156,0.0,0.0,0.0,0.0,0.0,0.0
290.0,8.425744988520501,0.8101200092636371,0.0,0.0,0.0,0.0,0.0,0.0
291.0,2547.1229744727784,2518.045759341445,0.0,0.0,0.0,0.0,0.0,0.0
292.0,6.40441364981237,0.008285745130304861,0.0,0.0,0.0,0.0,0.0,0.0
293.0,1496.5405232599048,1763.7838456014413,0.0,0.0,0.0,0.0,0.0,0.0
294.0,3004.2836519658426,2623.7243762447056,0.0,0.0,0.3,0.1,1.0,0.0
295.0,33.19586800773726,32.862776966283455,143.95207384129887,0.9681570610445934,0.3,0.1,0.0,0.0
296.0,4142.429175419468,4450.791819365992,0.0,0.0,0.36660605559646725,0.16,1.0,0.0
297.0,14.255412338439175,11.92686772736881,0.0,0.0,0.0,0.0,0.0,0.0
298.0,2505.0977254035474,3700.7098531660017,0.0,0.0,0.0,0.0,0.0,0.0
299.0,720.53337589057,1248.738615314384,0.0,0.0,0.462493243193887,0.31,1.0,0.0
300.0,1530.1870790366675,2802.179678525441,0.0,0.0,0.0,0.0,0.0,0.0
301.0,1496.55542385389,1914.8866964071356,0.0,0.0,0.0,0.0,0.0,0.0
302.0,544.8949179783256,1249.8341265709755,0.0,0.0,0.0,0.0,0.0,0.0
303.0,2783.4345463161917,1883.5943470993736,0.0,0.0,0.36660605559646725,0.16,1.0,0.0
304.0,8.898746588928603,0.9146699980848485,0.0,0.0,0.0,0.0,0.0,0.0
305.0,282.9958007049696,539.7421588930184,0.0,0.0,0.0,0.0,0.0,0.0
306.0,58.180144311291414,172.23423357436198,0.0,0.0,0.0,0.0,0.0,0.0
307.0,6.401280933625197,0.008943815912264001,0.0,0.0,0.0,0.0,0.0,0.0
308.0,12.514155640020494,4.304093962794796,0.0,0.0,0.0,0.0,0.0,0.0
309.0,8.094577072085167,0.4694300015635941,0.0,0.0,0.0,0.0,0.0,0.0
310.0,1512.2941166847447,3015.313260267973,0.0,0.0,0.3249615361854384,0.12,1.0,0.0
311.0,5566.352429278844,4153.485753082134,128.31209670572974,5.97259636084561,0.33630343441600474,0.87,5.0,0.0
312.0,5174.905255307242,3850.291767441472,122.13603268474994,4.556880700489492,0.3923009049186606,0.81,4.0,0.0
313.0,4021.869602186214,3168.604959350909,0.0,0.0,0.4877499359302879,0.39,2.0,0.0
314.0,1645.6235573757026,2421.590341204985,128.40949992652105,17.90292748704601,0.48989794855663565,0.4,1.0,0.0
315.0,70.77859192387031,87.38179815424277,0.0,0.0,0.0,0.0,0.0,0.0
316.0,4521.521419540901,4222.458432135335,0.0,0.0,0.3,0.1,1.0,0.0
317.0,2566.375402423352,2227.9890292095693,0.0,0.0,0.3570714214271425,0.15,2.0,0.0
318.0,565.9725491664237,1160.326311655698,0.0,0.0,0.0,0.0,0.0,0.0
319.0,17.48636968306482,30.248720444568757,138.85345281532065,3.078880408259015,0.3249615361854384,0.12,0.0,0.0
320.0,3528.5262895740657,3935.1255179108634,0.0,0.0,0.3841874542459709,0.18,2.0,0.0
321.0,25.602056012799657,39.96606343783036,0.0,0.0,0.0,0.0,0.0,0.0
322.0,652.8587428496288,814.8214141414277,0.0,0.0,0.0,0.0,0.0,0.0
323.0,202.27389946448,524.0661819872574,0.0,0.0,0.0,0.0,0.0,0.0
324.0,6.405910664856592,0.009714564234983248,0.0,0.0,0.0,0.0,0.0,0.0
325.0,1061.8998762293793,1162.9530030414346,0.0,0.0,0.4,0.2,1.0,0.0
326.0,3393.8378572550796,2933.2695267444956,0.0,0.0,0.0,0.0,0.0,0.0
327.0,1618.4802847119115,2578.5113068189357,0.0,0.0,0.4,0.2,1.0,0.0
328.0,12.231681904625637,6.60823191263258,0.0,0.0,0.0,0.0,0.0,0.0
329.0,7.06257662434533,0.6503375614179151,0.0,0.0,0.0,0.0,0.0,0.0
330.0,535.4147253701209,754.6299372349166,0.0,0.0,0.1705872210923198,0.03,1.0,0.0
331.0,29.182126540717615,45.404929909985704,0.0,0.0,0.0,0.0,0.0,0.0
332.0,8.725106339411965,0.90513235329567,0.0,0.0,0.0,0.0,0.0,0.0
333.0,556.4451917066768,894.2031022460624,0.0,0.0,0.3,0.1,0.0,0.0
334.0,6.4035742701203455,0.00762729201364103,0.0,0.0,0.0,0.0,0.0,0.0
335.0,1266.413106566986,1478.689455712133,0.0,0.0,0.0,0.0,0.0,0.0
336.0,63.55429494800302,130.29527854979793,103.35070486130098,10.880834255376529,0.3249615361854384,0.12,1.0,0.0
337.0,9.488140943150285,2.255102925915545,0.0,0.0,0.0,0.0,0.0,0.0
338.0,1266.8137028059311,1383.9747060952307,0.0,0.0,0.0,0.0,0.0,0.0
339.0,39.878014868222564,38.192990354165566,0.0,0.0,0.3249615361854384,0.12,3.0,0.0
340.0,733.0809579040842,1080.0791890911648,0.0,0.0,0.34698703145794946,0.14,3.0,0.0
341.0,984.659729372801,2310.4622127729467,0.0,0.0,0.0,0.0,0.0,0.0
342.0,1947.1489060066854,3533.239597619654,0.0,0.0,0.3,0.1,0.0,0.0
343.0,97.01937678598058,147.7484537744899,0.0,0.0,0.0,0.0,0.0,0.0
344.0,93.38837749883561,210.37172974055298,0.0,0.0,0.3,0.1,1.0,0.0
345.0,121.89405279831507,306.4241310911673,0.0,0.0,0.40730823708832603,0.21,1.0,0.0
346.0,11.14185406184213,3.492992176252424,0.0,0.0,0.0,0.0,0.0,0.0
347.0,210.48984654684236,437.6399408477451,0.0,0.0,0.3249615361854384,0.12,0.0,0.0
348.0,1136.314552631723,1450.9332685129023,0.0,0.0,0.3570714214271425,0.15,1.0,0.0
349.0,2220.2431706322286,2717.8406030937263,0.0,0.0,0.3363034344160047,0.13,2.0,0.0
350.0,1090.607269567008,2727.3738307488925,0.0,0.0,0.45825756949558394,0.3,0.0,0.0
351.0,497.3235169271201,1453.8094165200762,0.0,0.0,0.0,0.0,0.0,0.0
352.0,7.299332500422338,1.3960721095693698,0.0,0.0,0.0,0.0,0.0,0.0
353.0,4947.775508477725,4261.824145693457,0.0,0.0,0.48,0.64,4.0,0.0
354.0,3257.006025143883,2826.3519267571173,115.2686534724267,2.8823396392274296,0.4769696007084728,0.65,4.0,0.0
355.0,2442.2509291349015,1352.808618354497,0.0,0.0,0.0,0.0,0.0,0.0
356.0,3384.905078573755,3663.0503743457984,0.0,0.0,0.0,0.0,0.0,0.0
357.0,3241.053815743851,3758.459240110592,0.0,0.0,0.0,0.0,0.0,0.0
358.0,235.09097632086173,598.7818659735967,0.0,0.0,0.0,0.0,0.0,0.0
359.0,1689.9668601092148,1845.537121387664,0.0,0.0,0.0,0.0,0.0,0.0
360.0,53.20905675803141,118.19227664353502,0.0,0.0,0.0,0.0,0.0,0.0
361.0,6.404146191291635,0.010269253537992842,0.0,0.0,0.0,0.0,0.0,0.0
362.0,3808.7707320722297,3620.329830207151,0.0,0.0,0.49909918853871116,0.47,3.0,0.0
363.0,5190.989130905234,4096.918781335271,123.4824496843484,4.90312661468215,0.4142463035441596,0.78,2.0,0.0
364.0,2132.1225260571377,1728.1825551871616,113.09038534772877,3.409046366137943,0.4974937185533099,0.55,3.0,0.0
365.0,3268.0525814492153,2833.7013622545564,0.0,0.0,0.4270831300812525,0.24,2.0,0.0
366.0,523.1317527358376,546.9860335463884,134.51203680940776,15.404360487053445,0.34698703145794946,0.14,1.0,0.0
367.0,13.294963900241173,5.582728552062145,0.0,0.0,0.0,0.0,0.0,0.0
368.0,1241.7404677455877,2731.782436987441,0.0,0.0,0.0,0.0,0.0,0.0
369.0,862.3666966659605,1120.241804756699,0.0,0.0,0.0,0.0,0.0,0.0
370.0,7.715581640916106,4.902026809721083,0.0,0.0,0.0,0.0,0.0,0.0
371.0,6.403435541516413,0.010487357415715168,0.0,0.0,0.0,0.0,0.0,0.0
372.0,1818.9983154581187,2992.2011950858923,0.0,0.0,0.46647615158762396,0.32,2.0,0.0
373.0,4747.122219096841,3519.661049238388,119.48711468667541,5.12774447756761,0.4963869458396343,0.56,3.0,0.0
374.0,3988.2543355873563,3266.4817637647993,113.70523601310362,2.1511885436047162,0.49355850717012273,0.42,2.0,0.0
375.0,3042.6810715543957,1904.378196416825,116.0181241933184,11.096641135015505,0.4737087712930805,0.66,4.0,0.0
376.0,1460.4722248806306,1776.5130405572936,129.36430137173434,16.0046572299261,0.4950757517794625,0.57,3.0,0.0
377.0,3260.9603437849123,3894.3757066539342,0.0,0.0,0.34698703145794946,0.14,1.0,0.0
378.0,385.42275598271976,702.31701663138,0.0,0.0,0.0,0.0,0.0,0.0
379.0,1830.952494394498,2455.076616078993,0.0,0.0,0.0,0.0,0.0,0.0
380.0,178.912342456847,578.6941338484442,146.78949586370373,10.557077894734995,0.34698703145794946,0.14,0.0,0.0
381.0,6.408369746502998,0.010912789412030095,0.0,0.0,0.0,0.0,0.0,0.0
382.0,2012.7912742001633,1861.7443230896492,0.0,0.0,0.0,0.0,0.0,0.0
383.0,14.382699911754228,20.730921175975993,0.0,0.0,0.0,0.0,0.0,0.0
384.0,369.1604167880072,771.3569264561116,0.0,0.0,0.0,0.0,0.0,0.0
385.0,193.3331546093473,499.72521364365923,0.0,0.0,0.0,0.0,0.0,0.0
386.0,9.370482509619869,1.2254196753746442,0.0,0.0,0.0,0.0,0.0,0.0
387.0,362.19684911141957,504.96555910089603,0.0,0.0,0.0,0.0,0.0,0.0
388.0,7.401478966682399,2.135475243186341,0.0,0.0,0.0,0.0,0.0,0.0
389.0,2126.9639452415445,4167.938107298404,0.0,0.0,0.0,0.0,0.0,0.0
390.0,1124.2452518818498,1282.5741962181478,0.0,0.0,0.4208325082500164,0.23,2.0,0.0
391.0,9.305421506045457,1.3218992707023594,0.0,0.0,0.0,0.0,0.0,0.0
392.0,695.4200465908023,884.4854763470541,0.0,0.0,0.0,0.0,0.0,0.0
393.0,7.101645784939509,0.9154861617370489,0.0,0.0,0.0,0.0,0.0,0.0
394.0,6.407755189830298,0.009732108610510978,0.0,0.0,0.0,0.0,0.0,0.0
395.0,43.78575812821515,40.73077628248953,0.0,0.0,0.0,0.0,0.0,0.0
396.0,9.367812371940737,1.018071428240405,0.0,0.0,0.0,0.0,0.0,0.0
397.0,28.194080241687846,60.8119700995711,0.0,0.0,0.0,0.0,0.0,0.0
398.0,2143.712284288866,3525.445234608443,0.0,0.0,0.0,0.0,0.0,0.0
399.0,5146.094928247939,3616.5141653605365,120.51178404652268,4.7417239356852905,0.4439594576084623,0.73,4.0,0.0
400.0,1611.0652843139553,2702.5092074856902,116.56509862303474,1.5086374624863361,0.4270831300812525,0.24,1.0,0.0
401.0,2027.6296071568652,2846.470333964045,0.0,0.0,0.49749371855331,0.45,2.0,0.0
402.0,3596.362425668497,2418.867147898985,0.0,0.0,0.4877499359302879,0.39,2.0,0.0
403.0,966.5249599314407,2725.016202804547,0.0,0.0,0.0,0.0,0.0,0.0
404.0,3516.825094597872,3517.092409522774,0.0,0.0,0.0,0.0,0.0,0.0
405.0,10.143085258511597,6.108929471083944,0.0,0.0,0.0,0.0,0.0,0.0
406.0,8.501888793930819,1.484880583313614,0.0,0.0,0.0,0.0,0.0,0.0
407.0,7.617126106115049,0.548459016525896,0.0,0.0,0.0,0.0,0.0,0.0
408.0,3015.9986788155275,3146.5948715124728,0.0,0.0,0.4737087712930804,0.34,3.0,0.0
409.0,5426.736505521473,3735.852345432421,0.0,0.0,0.4918333050943174,0.59,4.0,0.0
410.0,3626.8805687769254,2146.318572118394,0.0,0.0,0.49959983987187184,0.52,3.0,0.0
411.0,876.8290123636082,869.0128585499541,135.80119358699434,9.783319060180629,0.4898979485566357,0.4,1.0,0.0
412.0,9.984435213367536,2.4226056560938036,0.0,0.0,0.0,0.0,0.0,0.0
413.0,4756.973141522248,4130.505547837327,0.0,0.0,0.4270831300812525,0.24,2.0,0.0
414.0,21.2768363649388,34.07767553443733,0.0,0.0,0.0,0.0,0.0,0.0
415.0,2173.786626882136,3603.7882296382977,0.0,0.0,0.34698703145794946,0.14,2.0,0.0
416.0,161.82276409953872,336.5297032732166,0.0,0.0,0.0,0.0,0.0,0.0
417.0,46.70312582785733,117.26437714280227,0.0,0.0,0.0,0.0,0.0,0.0
418.0,620.4610733798156,1501.1016120830905,0.0,0.0,0.0,0.0,0.0,0.0
419.0,2324.7252738968727,3323.3382374202492,0.0,0.0,0.34698703145794946,0.14,1.0,0.0
420.0,367.46463391278996,1096.5652391209553,0.0,0.0,0.3363034344160047,0.13,0.0,0.0
421.0,2913.9581895460447,2281.4053875828117,0.0,0.0,0.0,0.0,0.0,0.0
422.0,23.183934641428436,29.72419385030624,0.0,0.0,0.0,0.0,0.0,0.0
423.0,2926.078273855412,3451.6708520247857,0.0,0.0,0.36660605559646725,0.16,2.0,0.0
424.0,1711.9970835042352,2810.127720723553,0.0,0.0,0.4330127018922193,0.25,2.0,0.0
425.0,2127.9581943186568,3686.854267529611,0.0,0.0,0.0,0.0,0.0,0.0
426.0,3508.909106344989,4300.605473159402,0.0,0.0,0.4828043081829324,0.37,2.0,0.0
427.0,4629.33797246625,3480.512666597582,120.64524713481846,3.775072640672063,0.40730823708832603,0.79,3.0,0.0
428.0,2652.3029936766106,2575.781339865427,0.0,0.0,0.46647615158762396,0.32,3.0,0.0
429.0,3125.6375766447813,2502.86896534078,0.0,0.0,0.4270831300812524,0.24,1.0,0.0
430.0,1251.2927889658163,2033.654452517549,0.0,0.0,0.3,0.1,2.0,0.0
431.0,728.902571697431,1310.8180315273376,0.0,0.0,0.3923009049186606,0.19,1.0,0.0
432.0,7.537478525336266,1.1890700566101247,0.0,0.0,0.0,0.0,0.0,0.0
433.0,1451.6778652983835,2562.3054132940347,0.0,0.0,0.4,0.2,1.0,0.0
434.0,8.193794438702167,0.7542212119950332,0.0,0.0,0.0,0.0,0.0,0.0
435.0,2268.6124401585266,3681.344488170561,0.0,0.0,0.4737087712930805,0.34,1.0,0.0
436.0,2995.7568944716268,4986.158308730742,0.0,0.0,0.4439594576084623,0.27,1.0,0.0
437.0,1324.617513686452,3193.8370652917715,0.0,0.0,0.4208325082500164,0.23,0.0,0.0
438.0,5455.88322453982,4999.134624142363,0.0,0.0,0.3841874542459709,0.18,1.0,0.0
439.0,73.78108147419877,163.05449898392973,139.46481570095705,5.323388634236769,0.4270831300812525,0.24,1.0,0.0
440.0,3504.228965032679,4762.878498560898,0.0,0.0,0.40730823708832603,0.21,1.0,0.0
441.0,2025.6097039994454,2841.3970630122662,0.0,0.0,0.33630343441600474,0.13,0.0,0.0
442.0,249.23458641806937,701.8257002820516,0.0,0.0,0.0,0.0,0.0,0.0
443.0,2779.626333693544,4766.782337964275,0.0,0.0,0.4208325082500163,0.23,1.0,0.0
444.0,612.6424914105291,733.6326129517734,0.0,0.0,0.4702127178203499,0.33,2.0,0.0
445.0,10.17178850186952,18.414546538487375,0.0,0.0,0.0,0.0,0.0,0.0
446.0,1421.219662324197,1926.939750867482,0.0,0.0,0.0,0.0,0.0,0.0
447.0,672.8558609165723,953.8510158545205,0.0,0.0,0.0,0.0,0.0,0.0
448.0,3889.6406175922707,5484.49704446256,0.0,0.0,0.4386342439892261,0.26,1.0,0.0
449.0,4903.060363138045,4044.7857845077665,0.0,0.0,0.4877499359302879,0.39,2.0,0.0
450.0,190.46427958208736,337.33269961666383,0.0,0.0,0.0,0.0,0.0,0.0
451.0,1891.2934794409678,3170.8725401217125,0.0,0.0,0.0,0.0,0.0,0.0
452.0,84.52955562251658,178.0805391002068,0.0,0.0,0.3,0.1,1.0,0.0
453.0,3080.6574638427064,4110.286659088151,0.0,0.0,0.462493243193887,0.31,2.0,0.0
454.0,100.09392438849751,187.90280254508903,0.0,0.0,0.0,0.0,0.0,0.0
455.0,42.784803917236225,110.592611728656,0.0,0.0,0.0,0.0,0.0,0.0
456.0,3905.4600929728767,6076.965478235713,0.0,0.0,0.44899888641287283,0.28,2.0,0.0
457.0,11.673018806722592,3.790062204574164,0.0,0.0,0.0,0.0,0.0,0.0
458.0,999.9799678665835,2990.5143284727656,0.0,0.0,0.0,0.0,0.0,0.0
459.0,1905.3855934369954,3988.563244856956,0.0,0.0,0.0,0.0,0.0,0.0
460.0,4092.9492932046746,3744.738263715617,0.0,0.0,0.0,0.0,0.0,0.0
461.0,2467.2008802389814,4592.875441190348,141.56620348949644,3.409585297517314,0.34698703145794946,0.14,0.0,0.0
462.0,3403.4202590739364,3614.7490902272752,0.0,0.0,0.4073082370883261,0.21,1.0,0.0
463.0,33.969666903984375,67.29573050555406,147.34368350885896,1.5191639199057556,0.3570714214271425,0.15,0.0,0.0
464.0,1767.523790362158,2000.094612442269,0.0,0.0,0.0,0.0,0.0,0.0
465.0,7.543062310040431,1.9006731422152165,0.0,0.0,0.0,0.0,0.0,0.0
466.0,3815.264935671163,4070.650086294652,0.0,0.0,0.3,0.1,2.0,0.0
467.0,42.381679193068976,81.84645275734954,0.0,0.0,0.0,0.0,0.0,0.0
468.0,1040.4893361415795,2743.888004562089,0.0,0.0,0.0,0.0,0.0,0.0
469.0,4456.078888513682,4439.948943359866,0.0,0.0,0.0,0.0,0.0,0.0
470.0,3079.3730596759256,4089.8255576076226,0.0,0.0,0.33630343441600474,0.13,1.0,0.0
471.0,1260.7196221411514,2937.875313952858,0.0,0.0,0.41424630354415964,0.22,0.0,0.0
472.0,2930.837190217094,4667.24777028585,0.0,0.0,0.3923009049186606,0.19,0.0,0.0
473.0,14.992876810383013,10.523604519788293,0.0,0.0,0.0,0.0,0.0,0.0
474.0,1491.164879172398,2703.291391547805,0.0,0.0,0.49909918853871116,0.47,2.0,0.0
475.0,1514.980090219165,1678.0639675623386,0.0,0.0,0.44899888641287283,0.28,1.0,0.0
476.0,7.140333242171831,0.9502550803286737,0.0,0.0,0.0,0.0,0.0,0.0
477.0,379.3861134139347,550.6317233491872,0.0,0.0,0.0,0.0,0.0,0.0
478.0,9.054660477358482,1.0722318875499826,0.0,0.0,0.0,0.0,0.0,0.0
479.0,59.17952163802982,155.0867152035456,0.0,0.0,0.3363034344160047,0.13,1.0,0.0
480.0,83.32853499038588,195.63610685934086,0.0,0.0,0.0,0.0,0.0,0.0
481.0,1724.1259882169243,1685.8998660198822,0.0,0.0,0.3249615361854384,0.12,1.0,0.0
482.0,859.6481698608844,1195.6627637499944,0.0,0.0,0.3570714214271425,0.15,0.0,0.0
483.0,13.204643308529217,4.333419734381862,0.0,0.0,0.0,0.0,0.0,0.0
484.0,148.75452320993418,223.62455518421527,101.27921126158593,8.693455276329718,0.3570714214271425,0.15,2.0,0.0
485.0,6.404932979719069,0.00902736844839599,0.0,0.0,0.0,0.0,0.0,0.0
486.0,9.27205708327348,5.535742698880106,0.0,0.0,0.0,0.0,0.0,0.0
487.0,8.881313129775052,0.8405159477443509,0.0,0.0,0.0,0.0,0.0,0.0
488.0,147.32392403091924,239.4714522610039,0.0,0.0,0.0,0.0,0.0,0.0
489.0,688.7990504208537,716.8462721863596,0.0,0.0,0.25514701644346144,0.07,1.0,0.0
490.0,14.518185867137829,25.998749160036255,0.0,0.0,0.0,0.0,0.0,0.0
491.0,1088.998124862712,1258.7341742191943,0.0,0.0,0.31288975694324034,0.11,2.0,0.0
492.0,362.2801524048749,366.4204191672425,0.0,0.0,0.41424630354415964,0.22,3.0,0.0
493.0,8.271273999592752,1.0471718131642997,0.0,0.0,0.0,0.0,0.0,0.0
494.0,531.1986068619342,602.8034232784846,0.0,0.0,0.32496153618543844,0.12,1.0,0.0
495.0,7.470154462609629,1.9892258427954768,0.0,0.0,0.0,0.0,0.0,0.0
496.0,176.21977402225318,687.3610335957843,0.0,0.0,0.0,0.0,0.0,0.0
497.0,3404.7844387703885,4507.987437839929,0.0,0.0,0.0,0.0,0.0,0.0
498.0,3816.2656198135433,4678.819183148197,133.84631539514862,25.56574889816782,0.4330127018922193,0.25,1.0,0.0
499.0,11.141347383657928,2.292248492038878,0.0,0.0,0.0,0.0,0.0,0.0
500.0,524.2303124004912,772.2132129998912,0.0,0.0,0.462493243193887,0.31,3.0,0.0
501.0,9.21874743422448,2.9793005336801173,0.0,0.0,0.0,0.0,0.0,0.0
502.0,166.44974935483674,579.2554082572963,0.0,0.0,0.0,0.0,0.0,0.0
503.0,5586.326629807993,4275.4024311624335,0.0,0.0,0.0,0.0,0.0,0.0
504.0,996.7063507241994,1689.120697802062,0.0,0.0,0.4737087712930804,0.34,1.0,0.0
505.0,3109.8729784156308,4961.7332758936345,0.0,0.0,0.0,0.0,0.0,0.0
506.0,3923.6718296460785,3067.5382882217964,96.32425935180677,2.987331931219982,0.3666060555964673,0.16,0.0,0.0
507.0,3179.423474585999,3320.1768146655268,0.0,0.0,0.3363034344160047,0.13,3.0,0.0
508.0,10.656419678396919,4.397308060589373,0.0,0.0,0.0,0.0,0.0,0.0
509.0,2144.880333842741,3680.0641565627693,0.0,0.0,0.4489988864128729,0.28,2.0,0.0
510.0,2418.229615934835,2057.5910865812816,116.23346130749523,16.99288182219025,0.4270831300812525,0.24,2.0,0.0
511.0,9.790803459503282,2.046422883645133,0.0,0.0,0.0,0.0,0.0,0.0
512.0,2142.4030806636724,3395.4621105982615,0.0,0.0,0.4918333050943175,0.41,2.0,0.0
513.0,170.25248397411397,496.3767984378385,0.0,0.0,0.0,0.0,0.0,0.0
514.0,6239.8814950059195,3858.6421357440454,0.0,0.0,0.0,0.0,0.0,0.0
515.0,19.545220197065373,17.903702863371947,0.0,0.0,0.0,0.0,0.0,0.0
516.0,11.157450646013698,2.2298309947075667,0.0,0.0,0.0,0.0,0.0,0.0
517.0,1037.0574244151824,2861.294944667067,0.0,0.0,0.0,0.0,0.0,0.0
518.0,6540.508133023752,3498.5143576335067,0.0,0.0,0.0,0.0,0.0,0.0
519.0,203.53518435139853,432.19510656830846,0.0,0.0,0.3570714214271425,0.15,0.0,0.0
520.0,301.38594639063086,526.2019427094556,0.0,0.0,0.3249615361854384,0.12,1.0,0.0
521.0,4322.416476051501,2314.670130138642,0.0,0.0,0.0,0.0,0.0,0.0
522.0,903.1084086145671,1921.2269099010532,0.0,0.0,0.0,0.0,0.0,0.0
523.0,10.405728113956307,23.388019417819468,0.0,0.0,0.0,0.0,0.0,0.0
524.0,29.026559855181112,27.269579376180065,0.0,0.0,0.31288975694324034,0.11,1.0,0.0
525.0,15.304592768054581,3.5444205525039916,0.0,0.0,0.0,0.0,0.0,0.0
526.0,14.666414852786811,8.92104410674617,0.0,0.0,0.0,0.0,0.0,0.0
527.0,6209.39995811375,3159.746911956073,0.0,0.0,0.0,0.0,0.0,0.0
528.0,663.6796090212404,1098.4802662496927,0.0,0.0,0.0,0.0,0.0,0.0
529.0,53.45360310703852,133.67534865027682,0.0,0.0,0.3,0.1,1.0,0.0
530.0,4757.065303722897,3261.565365952651,0.0,0.0,0.0,0.0,0.0,0.0
531.0,745.2721423960019,1068.7368519399477,141.0481997084454,10.65593509626843,0.4270831300812525,0.24,3.0,0.0
532.0,123.80119699776431,282.37631950312,0.0,0.0,0.3570714214271425,0.15,1.0,0.0
533.0,63.71661966429222,130.33785970889997,0.0,0.0,0.3469870314579494,0.14,1.0,0.0
534.0,3003.026452078842,2429.26672377603,0.0,0.0,0.33630343441600474,0.13,0.0,0.0
535.0,1896.8605771510056,2513.7060152658387,0.0,0.0,0.0,0.0,0.0,0.0
536.0,2399.023978787258,4124.494212748421,0.0,0.0,0.0,0.0,0.0,0.0
537.0,6685.928366079906,2146.115898563763,0.0,0.0,0.0,0.0,0.0,0.0
538.0,285.8602205634141,743.2086669786428,0.0,0.0,0.0,0.0,0.0,0.0
539.0,3903.453895711479,5003.394775259964,0.0,0.0,0.0,0.0,0.0,0.0
540.0,6091.359552771074,4174.804385154321,0.0,0.0,0.0,0.0,0.0,0.0
541.0,38.19811750225629,63.32607931254374,0.0,0.0,0.0,0.0,0.0,0.0
542.0,5114.057761749542,4796.49130539229,129.96645015565613,12.202073733583845,0.3,0.1,1.0,0.0
543.0,31.048308715722957,60.86421746136168,147.113529727686,10.410456394434828,0.3570714214271425,0.15,0.0,0.0
544.0,2668.0928778256994,4879.423560008343,0.0,0.0,0.0,0.0,0.0,0.0
545.0,1471.5540376290778,2805.9671322825016,0.0,0.0,0.384187454245971,0.18,0.0,0.0
546.0,4986.391780400174,4946.981354141428,0.0,0.0,0.4386342439892261,0.26,1.0,0.0
547.0,2777.7675406785675,2620.0803550876167,0.0,0.0,0.4737087712930805,0.34,2.0,0.0
548.0,9.180124257636859,1.4862497252914033,0.0,0.0,0.0,0.0,0.0,0.0
549.0,4217.016033890712,4424.002650859594,0.0,0.0,0.4439594576084623,0.27,1.0,0.0
550.0,694.5791205889357,1455.2733042085024,0.0,0.0,0.0,0.0,0.0,0.0
551.0,27.27509296262929,31.31146820914118,0.0,0.0,0.0,0.0,0.0,0.0
552.0,3541.798682067796,1697.9982370075666,0.0,0.0,0.4877499359302879,0.39,5.0,0.0
553.0,1424.0403239891427,1471.7900168461845,0.0,0.0,0.0,0.0,0.0,0.0
554.0,6.940528600594908,0.8559585774188679,0.0,0.0,0.0,0.0,0.0,0.0
555.0,2477.8962764821745,2064.617632790675,0.0,0.0,0.0,0.0,0.0,0.0
556.0,200.3643363298061,342.51376691770236,0.0,0.0,0.0,0.0,0.0,0.0
557.0,7.947420500232296,0.4162288817030986,0.0,0.0,0.0,0.0,0.0,0.0
558.0,1352.6268562323341,1354.1174756285961,0.0,0.0,0.0,0.0,0.0,0.0
559.0,1024.7881447184964,1562.701390480756,0.0,0.0,0.31288975694324034,0.11,0.0,0.0
560.0,9.149925862919783,2.330641725433115,0.0,0.0,0.0,0.0,0.0,0.0
561.0,4535.922261184403,4364.374676050367,0.0,0.0,0.3,0.1,2.0,0.0
562.0,1134.8088691867679,1517.4895096645178,0.0,0.0,0.41424630354415964,0.22,3.0,0.0
563.0,6.4033998164840105,0.009670103072663692,0.0,0.0,0.0,0.0,0.0,0.0
564.0,6600.628728887964,4414.119198423385,0.0,0.0,0.3,0.1,1.0,0.0
565.0,18.01294163678778,18.896432358886226,0.0,0.0,0.0,0.0,0.0,0.0
566.0,2378.8542055316766,3803.565034929279,0.0,0.0,0.0,0.0,0.0,0.0
567.0,4400.991552739879,3558.6628882822392,0.0,0.0,0.0,0.0,0.0,0.0
568.0,286.4038840372715,647.6664490000597,0.0,0.0,0.0,0.0,0.0,0.0
569.0,2412.908056014659,4102.930795430377,0.0,0.0,0.0,0.0,0.0,0.0
570.0,2430.156219129022,2232.58179802121,106.38563100452095,26.14378547517317,0.41424630354415964,0.22,1.0,0.0
571.0,10.523742959424148,2.338152777131269,0.0,0.0,0.0,0.0,0.0,0.0
572.0,4174.648595499212,4268.246425661763,0.0,0.0,0.36660605559646725,0.16,1.0,0.0
573.0,476.66568165740364,671.8487351233791,0.0,0.0,0.0,0.0,0.0,0.0
574.0,6.4046214538618935,0.009603929409747232,0.0,0.0,0.0,0.0,0.0,0.0
575.0,3569.5832589591673,4102.398956538114,0.0,0.0,0.0,0.0,0.0,0.0
576.0,4863.795676089245,4155.078034376329,0.0,0.0,0.3570714214271425,0.15,0.0,0.0
577.0,1471.1972965427692,3622.1281266668616,0.0,0.0,0.33630343441600474,0.13,0.0,0.0
578.0,3498.9884637517766,2401.2580035487404,0.0,0.0,0.0,0.0,0.0,0.0
579.0,37.658844097497216,69.28953977148004,146.46025421751432,1.9109786795590225,0.34698703145794946,0.14,0.0,0.0
580.0,1451.4259654443347,2663.502991860568,0.0,0.0,0.0,0.0,0.0,0.0
581.0,3747.072676032332,3750.510254853031,0.0,0.0,0.34698703145794946,0.14,2.0,0.0
582.0,20.9282581472084,33.173002268253185,0.0,0.0,0.0,0.0,0.0,0.0
583.0,854.8838311817054,2032.803191948356,0.0,0.0,0.41424630354415964,0.22,1.0,0.0
584.0,697.939476119754,1851.008570983527,143.36977089513093,1.5502746603859177,0.3570714214271425,0.15,0.0,0.0
585.0,2144.556088682724,1963.107445832874,0.0,0.0,0.34698703145794946,0.14,1.0,0.0
586.0,8.116750694221047,0.49752864694542837,0.0,0.0,0.0,0.0,0.0,0.0
587.0,181.3982224461544,294.60561085080667,0.0,0.0,0.2712931993250107,0.08,1.0,0.0
588.0,49.005576150430144,74.83641986711206,0.0,0.0,0.4270831300812524,0.24,2.0,0.0
589.0,202.01566011533023,621.2901415259299,0.0,0.0,0.0,0.0,0.0,0.0
590.0,4782.995168383386,4161.8475020519445,0.0,0.0,0.36660605559646725,0.16,0.0,0.0
591.0,8.665015890457436,2.9403261552103066,0.0,0.0,0.0,0.0,0.0,0.0
592.0,6.405335865121416,0.009409822511303427,0.0,0.0,0.0,0.0,0.0,0.0
593.0,844.6463010149116,1216.6549683088426,0.0,0.0,0.0,0.0,0.0,0.0
594.0,491.8601807587124,988.6795699513095,0.0,0.0,0.4073082370883261,0.21,2.0,0.0
595.0,10.683149927289167,2.335606708586321,0.0,0.0,0.0,0.0,0.0,0.0
596.0,4958.298869678447,2852.598980956234,0.0,0.0,0.0,0.0,0.0,0.0
597.0,101.87337092298611,232.45759677509784,0.0,0.0,0.0,0.0,0.0,0.0
598.0,8.420213828311054,0.6416794835425944,0.0,0.0,0.0,0.0,0.0,0.0
599.0,1539.3782401322949,1485.9441738344935,0.0,0.0,0.0,0.0,0.0,0.0
600.0,73.8504794925695,210.2685780316348,0.0,0.0,0.0,0.0,0.0,0.0
601.0,9.48353416617055,1.1451149975504864,0.0,0.0,0.0,0.0,0.0,0.0
602.0,1937.5104045114792,2666.756460834099,0.0,0.0,0.0,0.0,0.0,0.0
603.0,2061.61324269704,3222.252298054567,0.0,0.0,0.44899888641287283,0.28,2.0,0.0
604.0,9.086945785315367,1.0427302665301317,0.0,0.0,0.0,0.0,0.0,0.0
605.0,112.07656377514199,286.6379168987375,0.0,0.0,0.33630343441600474,0.13,1.0,0.0
606.0,3510.09325785744,895.3975403695738,0.0,0.0,0.0,0.0,0.0,0.0
607.0,374.55274747146484,552.8514182987693,129.99434405739942,12.716886084978205,0.4702127178203499,0.33,2.0,0.0
608.0,86.48826093424091,201.33785230794706,0.0,0.0,0.0,0.0,0.0,0.0
609.0,3711.7660876491414,2519.39735976557,0.0,0.0,0.0,0.0,0.0,0.0
610.0,17.63289189773601,16.375357365630226,0.0,0.0,0.0,0.0,0.0,0.0
611.0,6.404579528792458,0.007719233229436188,0.0,0.0,0.0,0.0,0.0,0.0
612.0,2094.7444260478906,839.7033331659208,0.0,0.0,0.0,0.0,0.0,0.0
613.0,192.17884592840372,421.4710827807403,0.0,0.0,0.0,0.0,0.0,0.0
614.0,9.467195968662304,1.4265388513932993,0.0,0.0,0.0,0.0,0.0,0.0
615.0,3409.921955893884,2473.3016620823573,0.0,0.0,0.0,0.0,0.0,0.0
616.0,28.551952685027295,37.73115491201567,140.33668048549663,4.399981562097739,0.3,0.1,0.0,0.0
617.0,612.1028357098022,1642.4124355681804,0.0,0.0,0.0,0.0,0.0,0.0
618.0,3859.0217713155334,3488.0092921121027,0.0,0.0,0.4270831300812525,0.24,3.0,0.0
619.0,13.478973851035986,5.563394892827729,0.0,0.0,0.0,0.0,0.0,0.0
620.0,2299.430210632982,3296.0633291939866,0.0,0.0,0.31288975694324034,0.11,1.0,0.0
621.0,3063.6601187000106,4015.1000339251623,0.0,0.0,0.384187454245971,0.18,0.0,0.0
622.0,6.403226770385553,0.010024314545914171,0.0,0.0,0.0,0.0,0.0,0.0
623.0,4518.834096991301,5181.451817437837,0.0,0.0,0.0,0.0,0.0,0.0
624.0,9004.950576605259,1865.9963785862583,0.0,0.0,0.0,0.0,0.0,0.0
625.0,4011.6292782087708,1752.5460411154909,0.0,0.0,0.0,0.0,0.0,0.0
626.0,56.52236420597619,149.3756998384029,147.8308394978642,4.434724694986403,0.3,0.1,0.0,0.0
627.0,7.862242286637974,0.4588138654931268,0.0,0.0,0.0,0.0,0.0,0.0
628.0,6.560354674573007,0.31720424677138126,0.0,0.0,0.0,0.0,0.0,0.0
629.0,6.401175193857535,0.008672430933437326,0.0,0.0,0.0,0.0,0.0,0.0
630.0,6.4043052122691435,0.009861473445802921,0.0,0.0,0.0,0.0,0.0,0.0
631.0,5243.072790861987,3787.88697807678,0.0,0.0,0.0,0.0,0.0,0.0
632.0,83.3170774858869,180.78376936405266,0.0,0.0,0.0,0.0,0.0,0.0
633.0,8.807513757581159,0.744697850964458,0.0,0.0,0.0,0.0,0.0,0.0
634.0,2020.429199140173,3668.6395184460275,0.0,0.0,0.0,0.0,0.0,0.0
635.0,777.3432694511883,1537.2642544508305,141.33024667253397,4.708459266019038,0.4537620521815371,0.29,0.0,0.0
636.0,8.422215285227164,0.7381906046180254,0.0,0.0,0.0,0.0,0.0,0.0
637.0,7.168831300006779,0.7365189310576084,0.0,0.0,0.0,0.0,0.0,0.0
638.0,611.0601631786398,1004.8024863641934,0.0,0.0,0.0,0.0,0.0,0.0
639.0,9.096008224576115,0.8111689589429802,0.0,0.0,0.0,0.0,0.0,0.0
640.0,7.450067719577237,1.12254117387077,0.0,0.0,0.0,0.0,0.0,0.0
641.0,1442.2499427751475,3407.247846167712,0.0,0.0,0.35707142142714254,0.15,0.0,0.0
642.0,4011.645773159028,3420.997674214496,0.0,0.0,0.3363034344160047,0.13,1.0,0.0
643.0,9.19857247700014,1.6588382200027139,0.0,0.0,0.0,0.0,0.0,0.0
644.0,18.35194500295494,19.64189426910977,0.0,0.0,0.3249615361854384,0.12,1.0,0.0
645.0,6.402034311040277,0.011088898735529143,0.0,0.0,0.0,0.0,0.0,0.0
646.0,2410.583080167441,3897.188520398172,0.0,0.0,0.0,0.0,0.0,0.0
647.0,22.398515157172046,31.640575221074528,0.0,0.0,0.0,0.0,0.0,0.0
648.0,1662.7473564450338,2494.7943644765796,0.0,0.0,0.0,0.0,0.0,0.0
649.0,4854.484806530361,2963.5579729064348,0.0,0.0,0.36660605559646725,0.16,2.0,0.0
650.0,9.614203878625428,5.817235270959864,0.0,0.0,0.0,0.0,0.0,0.0
651.0,2167.630355249732,4186.967178716699,0.0,0.0,0.375632799419859,0.17,1.0,0.0
652.0,3568.885103929505,2679.895154208515,0.0,0.0,0.3,0.1,1.0,0.0
653.0,11.419704428049776,5.535914801735887,0.0,0.0,0.0,0.0,0.0,0.0
654.0,36.276210774092554,102.59043745272386,0.0,0.0,0.0,0.0,0.0,0.0
655.0,4802.877112465219,3845.7259791821702,0.0,0.0,0.46647615158762396,0.32,2.0,0.0
656.0,12.886250932448831,17.39199253005572,0.0,0.0,0.0,0.0,0.0,0.0
657.0,154.5192621420967,445.7151835798084,0.0,0.0,0.23748684174075832,0.06,1.0,0.0
658.0,4623.736943624896,3737.109432252862,0.0,0.0,0.3,0.1,2.0,0.0
659.0,50.92403936153948,71.5446981972408,106.73071226174298,8.145901283238217,0.4386342439892262,0.26,1.0,0.0
660.0,1535.3344033393296,3283.307788355651,0.0,0.0,0.3570714214271425,0.15,1.0,0.0
661.0,2986.112899940277,3396.7172522691403,0.0,0.0,0.4208325082500163,0.23,2.0,0.0
662.0,24.212390828969475,12.793737866209105,0.0,0.0,0.0,0.0,0.0,0.0
663.0,823.6235668786691,752.6232431276991,0.0,0.0,0.3,0.1,1.0,0.0
664.0,1408.7900185810765,1748.3710103270953,0.0,0.0,0.0,0.0,0.0,0.0
665.0,12.343035999339529,3.093583319840446,0.0,0.0,0.0,0.0,0.0,0.0
666.0,1921.359832107718,2445.2144184424233,0.0,0.0,0.4386342439892261,0.26,4.0,0.0
667.0,957.4102543379687,1332.7583015325877,139.61702685446753,25.760680717888828,0.4702127178203499,0.33,2.0,0.0
668.0,11.486260269552254,1.1929498843982203,0.0,0.0,0.0,0.0,0.0,0.0
669.0,1228.5323118367376,1859.040553430091,0.0,0.0,0.36660605559646725,0.16,0.0,0.0
670.0,1608.645963222498,1487.3993647814616,0.0,0.0,0.3,0.1,2.0,0.0
671.0,44.527196307552686,113.84277078579466,142.26588097314107,3.8164382249249,0.3,0.1,0.0,0.0
672.0,406.5425770236601,805.7451959487909,0.0,0.0,0.35707142142714254,0.15,2.0,0.0
673.0,1747.5541618468892,1532.5108637453757,110.91567362212814,16.78054521566369,0.3666060555964673,0.16,2.0,0.0
674.0,7.034198692262046,1.548506522809904,0.0,0.0,0.0,0.0,0.0,0.0
675.0,302.29541254626474,713.5556379744583,0.0,0.0,0.0,0.0,0.0,0.0
676.0,1871.2442273892334,1397.9527480873537,0.0,0.0,0.4330127018922193,0.25,2.0,0.0
677.0,9.05951321942066,1.276852317482507,0.0,0.0,0.0,0.0,0.0,0.0
678.0,8.85357918747768,1.3879281178103946,0.0,0.0,0.0,0.0,0.0,0.0
679.0,3947.8500466792093,3614.960814384611,0.0,0.0,0.0,0.0,0.0,0.0
680.0,1919.1868851654124,3608.675225676157,145.7777587535505,4.272706258723485,0.4769696007084728,0.35,1.0,0.0
681.0,4219.334851044128,5049.835488836634,0.0,0.0,0.3249615361854384,0.12,1.0,0.0
682.0,1125.6116231061994,2018.8760037070167,101.46970495243782,18.664387249414187,0.42708313008125254,0.24,2.0,0.0
683.0,9.752544186822558,4.961806206164448,0.0,0.0,0.0,0.0,0.0,0.0
684.0,5659.333474651479,4251.380279922009,0.0,0.0,0.0,0.0,0.0,0.0
685.0,785.3564530517417,1484.6406704343426,0.0,0.0,0.41424630354415964,0.22,1.0,0.0
686.0,1789.797182762889,2003.8170958262906,0.0,0.0,0.0,0.0,0.0,0.0
687.0,1388.4332472928488,1547.8261749306153,0.0,0.0,0.45825756949558394,0.3,1.0,0.0
688.0,8.082835527638421,1.882161414820483,0.0,0.0,0.0,0.0,0.0,0.0
689.0,3186.953128516903,3476.038881114772,0.0,0.0,0.31288975694324034,0.11,2.0,0.0
690.0,95.21714962270218,203.60174146474725,122.51299995141949,12.351927568892085,0.36660605559646725,0.16,2.0,0.0
691.0,8.293394805695833,0.7484562659841036,0.0,0.0,0.0,0.0,0.0,0.0
692.0,184.54080279041236,243.21354807695636,0.0,0.0,0.4737087712930805,0.34,2.0,0.0
693.0,1088.9476693616905,1721.3739323259258,105.34345986624061,24.486286239179265,0.3249615361854384,0.12,2.0,0.0
694.0,9.221439186847771,0.5609540263496906,0.0,0.0,0.0,0.0,0.0,0.0
695.0,381.36927162730905,797.0630055292329,0.0,0.0,0.3249615361854384,0.12,0.0,0.0
696.0,1954.9213110683966,1912.339736606464,0.0,0.0,0.0,0.0,0.0,0.0
697.0,8.678239876298303,1.1496388950087977,0.0,0.0,0.0,0.0,0.0,0.0
698.0,246.43400932303882,643.5483672300633,0.0,0.0,0.0,0.0,0.0,0.0
699.0,1397.876991354504,734.4180150191019,0.0,0.0,0.0,0.0,0.0,0.0
700.0,10.219155536297656,3.74529100955254,0.0,0.0,0.0,0.0,0.0,0.0
701.0,18.669510938979087,47.512277061849176,0.0,0.0,0.0,0.0,0.0,0.0
702.0,4095.543236534342,1895.30641999971,0.0,0.0,0.0,0.0,0.0,0.0
703.0,134.81103866753895,279.82846673214675,115.03554167034459,27.80201325124302,0.4489988864128728,0.28,1.0,0.0
704.0,6.401442672235598,0.009574964942355452,0.0,0.0,0.0,0.0,0.0,0.0
705.0,5633.811009370116,4925.952962406368,0.0,0.0,0.0,0.0,0.0,0.0
706.0,3198.343413147368,3430.3732669065666,0.0,0.0,0.375632799419859,0.17,0.0,0.0
707.0,316.2488968438822,1490.5430741806647,0.0,0.0,0.0,0.0,0.0,0.0
708.0,4388.696078496174,4537.324888861509,0.0,0.0,0.45825756949558394,0.3,2.0,0.0
709.0,236.50305772810708,468.5158918676603,0.0,0.0,0.0,0.0,0.0,0.0
710.0,141.02188340118283,330.46804754878565,0.0,0.0,0.0,0.0,0.0,0.0
711.0,10.91907495900143,1.9688148180728948,0.0,0.0,0.0,0.0,0.0,0.0
712.0,10.250575425179731,3.408050771991949,0.0,0.0,0.0,0.0,0.0,0.0
713.0,4198.021867565886,3293.484721617955,0.0,0.0,0.36660605559646725,0.16,1.0,0.0
714.0,1626.8336507726153,2240.0033943593576,0.0,0.0,0.4702127178203499,0.33,3.0,0.0
715.0,12.292466807618057,3.1722249808104563,0.0,0.0,0.0,0.0,0.0,0.0
716.0,518.6429739018753,713.0273551012045,0.0,0.0,0.47021271782034985,0.33,3.0,0.0
717.0,969.5975651983649,925.0678368537504,0.0,0.0,0.0,0.0,0.0,0.0
718.0,12.81981770492347,12.6166815750432,0.0,0.0,0.0,0.0,0.0,0.0
719.0,6.4063605860135135,0.010359255153965801,0.0,0.0,0.0,0.0,0.0,0.0
720.0,278.2542285111494,480.29772308182373,0.0,0.0,0.33630343441600474,0.13,1.0,0.0
721.0,2762.897555323266,1751.6514934130487,0.0,0.0,0.384187454245971,0.18,1.0,0.0
722.0,21.653008321464196,24.543014995679254,0.0,0.0,0.0,0.0,0.0,0.0
723.0,8.149885983217526,0.5042679541957279,0.0,0.0,0.0,0.0,0.0,0.0
724.0,1319.6063398132028,1039.4370239277916,0.0,0.0,0.48,0.36,3.0,0.0
725.0,2063.9092075863664,2395.173388313169,103.28078424137595,9.916891510254656,0.3756327994198589,0.17,2.0,0.0
726.0,8.636412279190736,2.352827492355379,0.0,0.0,0.0,0.0,0.0,0.0
727.0,626.2058034687667,849.8093473470354,0.0,0.0,0.384187454245971,0.18,1.0,0.0
728.0,2054.2416863103904,1258.951744441511,0.0,0.0,0.0,0.0,0.0,0.0
729.0,13.585426473868939,15.353002525340111,0.0,0.0,0.0,0.0,0.0,0.0
730.0,2895.985266032352,4611.148501293956,0.0,0.0,0.0,0.0,0.0,0.0
731.0,2286.433804593758,3316.007784872184,129.22202162467136,21.063567384257325,0.31288975694324034,0.11,1.0,0.0
732.0,9.280012981071932,1.6410306068369207,0.0,0.0,0.0,0.0,0.0,0.0
733.0,1728.979674729638,1648.9295906606662,0.0,0.0,0.3,0.1,1.0,0.0
734.0,2498.4153355618664,2319.3422795960473,0.0,0.0,0.31288975694324034,0.11,1.0,0.0
735.0,7.21819338267254,1.7483166237309669,0.0,0.0,0.0,0.0,0.0,0.0
736.0,51.901554576300825,201.09889162666659,0.0,0.0,0.0,0.0,0.0,0.0
737.0,5777.6487072069585,4066.8483202491866,0.0,0.0,0.39230090491866065,0.19,1.0,0.0
738.0,492.9381695506035,615.0056577523809,0.0,0.0,0.4208325082500164,0.23,1.0,0.0
739.0,312.6213936134838,899.0978770527689,0.0,0.0,0.0,0.0,0.0,0.0
740.0,3711.4663402952324,2388.066039662433,0.0,0.0,0.0,0.0,0.0,0.0
741.0,23.093724267082003,32.102265623773164,0.0,0.0,0.0,0.0,0.0,0.0
742.0,6.465946041161853,0.3082985649470051,0.0,0.0,0.0,0.0,0.0,0.0
743.0,4140.9840884199975,3650.9677798330226,0.0,0.0,0.0,0.0,0.0,0.0
744.0,29.88628916583394,31.958924379059376,110.45371326432856,20.83702673586106,0.34698703145794946,0.14,1.0,0.0
745.0,11.495402793788635,3.1476833912775457,0.0,0.0,0.0,0.0,0.0,0.0
746.0,2101.0081604457673,1483.8646102921134,0.0,0.0,0.0,0.0,0.0,0.0
747.0,125.65261640552966,248.8928540558547,0.0,0.0,0.0,0.0,0.0,0.0
748.0,6.406510422240753,0.009403005509716313,0.0,0.0,0.0,0.0,0.0,0.0
749.0,4832.015419546471,5189.555304365756,0.0,0.0,0.3249615361854384,0.12,2.0,0.0
750.0,5182.722432088524,4201.881551035827,0.0,0.0,0.34698703145794946,0.14,1.0,0.0
751.0,3412.0193010470744,4646.766416651548,0.0,0.0,0.0,0.0,0.0,0.0
752.0,368.1412323555603,749.6948701813409,0.0,0.0,0.0,0.0,0.0,0.0
753.0,72.97356802919553,159.97795922024324,0.0,0.0,0.0,0.0,0.0,0.0
754.0,7.144265230497966,2.104769545777292,0.0,0.0,0.0,0.0,0.0,0.0
755.0,38.03051751960074,31.846875272518396,0.0,0.0,0.0,0.0,0.0,0.0
756.0,739.68384077329,1650.5933614786386,0.0,0.0,0.0,0.0,0.0,0.0
757.0,1445.9132131804558,1705.5782598104724,0.0,0.0,0.37563279941985894,0.17,2.0,0.0
758.0,11.43741471564016,4.047649882351824,0.0,0.0,0.0,0.0,0.0,0.0
759.0,251.14489764067733,1174.8655346338455,0.0,0.0,0.0,0.0,0.0,0.0
760.0,6126.395757041407,4085.1323301527555,0.0,0.0,0.0,0.0,0.0,0.0
761.0,612.2695603953518,1229.645277046866,0.0,0.0,0.0,0.0,0.0,0.0
762.0,12.72467051147232,2.701445861011421,0.0,0.0,0.0,0.0,0.0,0.0
763.0,13.371554250041331,7.82058423869737,0.0,0.0,0.0,0.0,0.0,0.0
764.0,218.34240031712125,464.7978672251306,0.0,0.0,0.47696960070847283,0.35,0.0,0.0
765.0,993.8892607110961,766.2359215670136,0.0,0.0,0.0,0.0,0.0,0.0
766.0,2020.9505332656095,3558.790810762018,0.0,0.0,0.0,0.0,0.0,0.0
767.0,415.77922892112815,1028.2348099138076,0.0,0.0,0.34698703145794946,0.14,0.0,0.0
768.0,3074.0559365025406,4615.339187053084,0.0,0.0,0.0,0.0,0.0,0.0
769.0,1529.9181548215936,1866.3008144409434,0.0,0.0,0.36660605559646725,0.16,2.0,0.0
770.0,6.409377844582582,0.012870717842139744,0.0,0.0,0.0,0.0,0.0,0.0
771.0,134.01038597610423,171.8140043297772,0.0,0.0,0.0,0.0,0.0,0.0
772.0,35.3091049423077,32.61207666225067,0.0,0.0,0.23748684174075832,0.06,1.0,0.0
773.0,552.6220641767289,786.3722626111685,104.05070256134843,21.326585500965134,0.3,0.1,1.0,0.0
774.0,131.14123006256494,372.05825765636655,0.0,0.0,0.0,0.0,0.0,0.0
775.0,4889.3400253976315,4860.829909981791,0.0,0.0,0.41424630354415964,0.22,2.0,0.0
776.0,1375.1574062486252,1869.8898066882005,0.0,0.0,0.45825756949558394,0.3,1.0,0.0
777.0,9.44307011938498,0.8123045915828959,0.0,0.0,0.0,0.0,0.0,0.0
778.0,1125.7447226817428,1376.9019683126917,0.0,0.0,0.0,0.0,0.0,0.0
779.0,1822.386508430691,1562.4925181014262,0.0,0.0,0.0,0.0,0.0,0.0
780.0,6.52919347203523,0.5920148763052414,0.0,0.0,0.0,0.0,0.0,0.0
781.0,2775.5188432400014,4113.574439935513,0.0,0.0,0.0,0.0,0.0,0.0
782.0,5510.405444046124,3076.2188990364025,0.0,0.0,0.0,0.0,0.0,0.0
783.0,607.2477406724179,1441.1772582284796,0.0,0.0,0.384187454245971,0.18,0.0,0.0
784.0,910.7843229102951,1322.3239872875836,0.0,0.0,0.0,0.0,0.0,0.0
785.0,315.1226562044032,469.35597779791965,0.0,0.0,0.34698703145794946,0.14,1.0,0.0
786.0,6.931205104075579,1.0229021261122528,0.0,0.0,0.0,0.0,0.0,0.0
787.0,4814.122430131197,4875.098933918121,0.0,0.0,0.4853864439804639,0.38,3.0,0.0
788.0,1183.1904358238796,1813.1373529110065,0.0,0.0,0.0,0.0,0.0,0.0
789.0,9.043328671981724,0.8956571509289294,0.0,0.0,0.0,0.0,0.0,0.0
790.0,45.1898991551219,91.71911227531106,0.0,0.0,0.4142463035441596,0.22,2.0,0.0
791.0,5123.365451027952,3899.5106762844043,0.0,0.0,0.0,0.0,0.0,0.0
792.0,46.16220523015309,76.0963741216012,0.0,0.0,0.0,0.0,0.0,0.0
793.0,8.338097491621804,0.7309487062741556,0.0,0.0,0.0,0.0,0.0,0.0
794.0,468.3056027163999,1444.1540185379367,0.0,0.0,0.3,0.1,0.0,0.0
795.0,3472.5478200732778,3019.242028241131,125.28603547199675,12.28701961703275,0.31288975694324034,0.11,1.0,0.0
796.0,10.514186207882831,6.914391990446641,0.0,0.0,0.0,0.0,0.0,0.0
797.0,8.388778375241706,1.0991023248939369,0.0,0.0,0.0,0.0,0.0,0.0
798.0,6.405372259338649,0.009833640554506248,0.0,0.0,0.0,0.0,0.0,0.0
799.0,50.970294877229136,47.34752969483921,0.0,0.0,0.41424630354415964,0.22,2.0,0.0
800.0,23.475978874602728,23.638342774330173,0.0,0.0,0.0,0.0,0.0,0.0
801.0,36.5187085708811,66.1892150909528,0.0,0.0,0.39230090491866065,0.19,2.0,0.0
802.0,832.1241950352061,578.0555395252308,0.0,0.0,0.0,0.0,0.0,0.0
803.0,213.49466502495932,443.81048238763714,0.0,0.0,0.0,0.0,0.0,0.0
804.0,13.971086937865795,6.613642724064604,0.0,0.0,0.0,0.0,0.0,0.0
805.0,1082.179321327697,913.9375604388388,0.0,0.0,0.4769696007084727,0.35,2.0,0.0
806.0,737.7798516394382,568.0782640523984,0.0,0.0,0.3,0.1,1.0,0.0
807.0,7.964612135965787,1.7487718547317785,0.0,0.0,0.0,0.0,0.0,0.0
808.0,367.84804531300034,569.4549338094955,0.0,0.0,0.4270831300812525,0.24,3.0,0.0
809.0,2397.963218909139,2487.3668750248726,0.0,0.0,0.3570714214271425,0.15,1.0,0.0
810.0,1264.0320232603726,1742.6736139248935,0.0,0.0,0.375632799419859,0.17,2.0,0.0
811.0,7.953375956548119,0.7100441110348809,0.0,0.0,0.0,0.0,0.0,0.0
812.0,2373.9748631782804,3106.869511482963,0.0,0.0,0.3249615361854384,0.12,1.0,0.0
813.0,3199.5520692960813,4054.233242892509,0.0,0.0,0.0,0.0,0.0,0.0
814.0,52.78722316646006,223.42740577276214,0.0,0.0,0.0,0.0,0.0,0.0
815.0,5621.763937412702,2811.5949192149633,0.0,0.0,0.0,0.0,0.0,0.0
816.0,211.7189344174623,640.0222023445077,0.0,0.0,0.0,0.0,0.0,0.0
817.0,7.984395153177795,0.7577145704971285,0.0,0.0,0.0,0.0,0.0,0.0
818.0,3005.979557790947,3969.72153323999,0.0,0.0,0.0,0.0,0.0,0.0
819.0,2130.2226570998305,2426.3133263025998,0.0,0.0,0.31288975694324034,0.11,1.0,0.0
820.0,10.17861129822783,1.6482908016959288,0.0,0.0,0.0,0.0,0.0,0.0
821.0,810.4307293082686,718.777067749188,0.0,0.0,0.0,0.0,0.0,0.0
822.0,774.53466881181,859.0203203545559,0.0,0.0,0.0,0.0,0.0,0.0
823.0,9.484325121494956,4.0542527782229065,0.0,0.0,0.0,0.0,0.0,0.0
824.0,6.40686797522935,0.008410228947887302,0.0,0.0,0.0,0.0,0.0,0.0
825.0,3148.1106050222884,2747.6874208519575,0.0,0.0,0.0,0.0,0.0,0.0
826.0,3426.373819426028,3647.5564022454214,0.0,0.0,0.0,0.0,0.0,0.0
827.0,13.763148159689399,29.777577193249822,0.0,0.0,0.0,0.0,0.0,0.0
828.0,3011.423751757129,4296.757310243492,0.0,0.0,0.3249615361854384,0.12,1.0,0.0
829.0,7.776102360842774,1.1217520597451884,0.0,0.0,0.0,0.0,0.0,0.0
830.0,6.40735233759229,0.010150455789366838,0.0,0.0,0.0,0.0,0.0,0.0
831.0,615.0920577757348,1497.3401550483347,0.0,0.0,0.4270831300812525,0.24,0.0,0.0
832.0,11.168337574918915,2.4063657767169127,0.0,0.0,0.0,0.0,0.0,0.0
833.0,2168.832317860562,2103.8855103091587,0.0,0.0,0.0,0.0,0.0,0.0
834.0,723.6614079012074,1317.7796058387062,0.0,0.0,0.31288975694324034,0.11,0.0,0.0
835.0,6.6683108543141865,1.2963696003840848,0.0,0.0,0.0,0.0,0.0,0.0
836.0,6.402841903655956,0.009023045955614642,0.0,0.0,0.0,0.0,0.0,0.0
837.0,6.405714701390963,0.009946566139666326,0.0,0.0,0.0,0.0,0.0,0.0
838.0,6.4051816895279305,0.009670141614242683,0.0,0.0,0.0,0.0,0.0,0.0
839.0,6.404348930930248,0.010154128962851549,0.0,0.0,0.0,0.0,0.0,0.0
840.0,6.409105611667245,0.00862549394179425,0.0,0.0,0.0,0.0,0.0,0.0
841.0,12.109971938626131,12.319414402654392,0.0,0.0,0.0,0.0,0.0,0.0
842.0,2332.0064144930766,2178.31950407932,0.0,0.0,0.41424630354415964,0.22,2.0,0.0
843.0,306.6194319112517,439.54890970654395,0.0,0.0,0.3249615361854384,0.12,1.0,0.0
844.0,31.12278625840595,51.752408264247585,0.0,0.0,0.0,0.0,0.0,0.0
845.0,305.54712999733505,372.8059483455635,0.0,0.0,0.0,0.0,0.0,0.0
846.0,479.4585737616099,685.964255636271,140.206726002321,21.75323680756188,0.4270831300812525,0.24,2.0,0.0
847.0,6.8880440552967706,2.922538325921116,0.0,0.0,0.0,0.0,0.0,0.0
848.0,5712.330869229061,2623.345189394361,0.0,0.0,0.0,0.0,0.0,0.0
849.0,1064.0608738104065,1520.7312463010142,0.0,0.0,0.3,0.1,0.0,0.0
850.0,5497.937212007975,4104.741426959072,0.0,0.0,0.0,0.0,0.0,0.0
851.0,903.6774790625036,1227.7225441831158,0.0,0.0,0.31288975694324034,0.11,0.0,0.0
852.0,739.0412054368609,1693.0062128743411,0.0,0.0,0.0,0.0,0.0,0.0
853.0,4839.9240460169995,4340.576261593374,0.0,0.0,0.3249615361854384,0.12,1.0,0.0
854.0,15.207480427590763,19.599737421158395,0.0,0.0,0.0,0.0,0.0,0.0
855.0,10.061874954301269,2.771611232259107,0.0,0.0,0.0,0.0,0.0,0.0
856.0,1803.7067730286344,1501.4772525071342,0.0,0.0,0.32496153618543844,0.12,0.0,0.0
857.0,699.426222791136,889.6091465568356,0.0,0.0,0.0,0.0,0.0,0.0
858.0,12.178989216519359,10.635026821579808,0.0,0.0,0.0,0.0,0.0,0.0
859.0,687.990433489542,805.2309387282692,0.0,0.0,0.31288975694324034,0.11,2.0,0.0
860.0,462.15030049601313,868.1791345931697,0.0,0.0,0.0,0.0,0.0,0.0
861.0,6.404271738546954,0.008768433441332765,0.0,0.0,0.0,0.0,0.0,0.0
862.0,2646.4603961947023,2240.7433041499826,0.0,0.0,0.0,0.0,0.0,0.0
863.0,10.669613309930453,7.589054817752741,0.0,0.0,0.0,0.0,0.0,0.0
864.0,7.882476068704462,0.35787309453346966,0.0,0.0,0.0,0.0,0.0,0.0
865.0,778.5307599795094,857.8321236607928,0.0,0.0,0.3363034344160047,0.13,1.0,0.0
866.0,64.17744755041578,106.90389724581375,0.0,0.0,0.0,0.0,0.0,0.0
867.0,9.589591529016404,2.105940381118484,0.0,0.0,0.0,0.0,0.0,0.0
868.0,4137.294251822158,3259.267192036655,0.0,0.0,0.4208325082500163,0.23,3.0,0.0
869.0,53.837919293177016,118.66775668310105,147.7423956140948,11.940110592305848,0.3363034344160047,0.13,0.0,0.0
870.0,6.968987477661725,2.6341203389606993,0.0,0.0,0.0,0.0,0.0,0.0
871.0,3859.6489682398164,2656.9597809129264,0.0,0.0,0.3249615361854384,0.12,1.0,0.0
872.0,11.863830482124838,3.46728041625747,0.0,0.0,0.0,0.0,0.0,0.0
873.0,8.477406602172175,0.8938753926892372,0.0,0.0,0.0,0.0,0.0,0.0
874.0,3373.4861688466603,3469.4446147266553,0.0,0.0,0.0,0.0,0.0,0.0
875.0,2449.447198984749,2395.0359106516103,0.0,0.0,0.4208325082500163,0.23,2.0,0.0
876.0,2939.9380587978667,4266.259955804513,0.0,0.0,0.3,0.1,1.0,0.0
877.0,2075.3079348743904,2492.949227160191,0.0,0.0,0.31288975694324034,0.11,3.0,0.0
878.0,37.55611645436603,54.795275572513546,0.0,0.0,0.0,0.0,0.0,0.0
879.0,1620.3369858617664,2452.4701998977275,0.0,0.0,0.3363034344160047,0.13,0.0,0.0
880.0,6.403662499542253,0.008902235535483173,0.0,0.0,0.0,0.0,0.0,0.0
881.0,3027.070257527906,4711.706899015753,0.0,0.0,0.0,0.0,0.0,0.0
882.0,2629.339357918996,3106.43061591409,0.0,0.0,0.4963869458396343,0.44,3.0,0.0
883.0,10.391524407689417,1.2703793641004193,0.0,0.0,0.0,0.0,0.0,0.0
884.0,1619.7487742821622,2453.3925708909055,0.0,0.0,0.49638694583963433,0.44,4.0,0.0
885.0,6056.589692281548,2945.492011990826,125.20485245939115,1.8280921875712701,0.45825756949558394,0.3,1.0,0.0
886.0,1555.8367136058514,2075.014724186713,131.5222748000016,21.757601785361267,0.4737087712930805,0.34,1.0,0.0
887.0,6.405138237139172,0.009097919006184589,0.0,0.0,0.0,0.0,0.0,0.0
888.0,4360.746551732392,4842.819222286866,0.0,0.0,0.44395945760846234,0.27,1.0,0.0
889.0,2694.786929608739,3420.059797360013,0.0,0.0,0.0,0.0,0.0,0.0
890.0,8.071101931195892,0.703486313935866,0.0,0.0,0.0,0.0,0.0,0.0
891.0,5726.477729821872,3575.540331029132,0.0,0.0,0.49507575177946245,0.43,2.0,0.0
892.0,2826.3163444093348,3580.386185797018,0.0,0.0,0.3,0.1,0.0,0.0
893.0,8.234640650436702,2.3739453796528824,0.0,0.0,0.0,0.0,0.0,0.0
894.0,7088.69756338849,3736.326938927204,121.62359760414252,2.6995286306601014,0.44395945760846234,0.27,1.0,0.0
895.0,42.38759760414977,80.73451306153183,0.0,0.0,0.0,0.0,0.0,0.0
896.0,4971.0092782459715,4211.953934325298,0.0,0.0,0.4983974317750845,0.46,1.0,0.0
897.0,577.8278253135778,1365.3267861803618,0.0,0.0,0.3923009049186606,0.19,1.0,0.0
898.0,1802.6217594685595,2762.88889387674,115.2580209451089,7.957888722669103,0.4737087712930805,0.34,1.0,0.0
899.0,39.471752216344925,75.99058385624195,138.34194394856056,9.771979712632684,0.40730823708832603,0.21,1.0,0.0
900.0,1913.7626002015834,2982.520867719863,0.0,0.0,0.0,0.0,0.0,0.0
901.0,2905.2470305842144,3997.7201897704063,0.0,0.0,0.3,0.1,0.0,0.0
902.0,8.643554564522404,1.3648909258909738,0.0,0.0,0.0,0.0,0.0,0.0
903.0,7.55878436306995,1.108213320336738,0.0,0.0,0.0,0.0,0.0,0.0
904.0,1979.458585660236,3613.238484169571,0.0,0.0,0.3,0.1,1.0,0.0
905.0,615.064855768586,1231.4354468722256,0.0,0.0,0.0,0.0,0.0,0.0
906.0,8.300652356404546,1.0256903006544693,0.0,0.0,0.0,0.0,0.0,0.0
907.0,1652.9976044790405,1630.9980918783424,0.0,0.0,0.0,0.0,0.0,0.0
908.0,852.0964657871368,926.0042633207555,0.0,0.0,0.0,0.0,0.0,0.0
909.0,10.071381073362225,4.199915022318941,0.0,0.0,0.0,0.0,0.0,0.0
910.0,1794.1995532100582,1918.5504099777665,0.0,0.0,0.31288975694324034,0.11,1.0,0.0
911.0,190.52877032218242,501.8958439540384,0.0,0.0,0.0,0.0,0.0,0.0
912.0,6.409728066144177,0.010381065320129255,0.0,0.0,0.0,0.0,0.0,0.0
913.0,3552.810073276375,4179.44047747934,0.0,0.0,0.0,0.0,0.0,0.0
914.0,2263.066561053607,3190.005201620192,0.0,0.0,0.0,0.0,0.0,0.0
915.0,10.219405795146784,2.497977902540791,0.0,0.0,0.0,0.0,0.0,0.0
916.0,4010.242447365697,3894.4204111662766,0.0,0.0,0.34698703145794946,0.14,0.0,0.0
917.0,12.142256417875949,10.95907663014532,0.0,0.0,0.0,0.0,0.0,0.0
918.0,663.53587441238,2482.701083437384,0.0,0.0,0.0,0.0,0.0,0.0
919.0,4399.972642037143,3752.9108151431215,122.52819176067926,14.222325014748707,0.3363034344160047,0.13,1.0,0.0
920.0,11.240694363977502,3.338865716417175,0.0,0.0,0.0,0.0,0.0,0.0
921.0,5732.04874860254,5099.2177842251,0.0,0.0,0.39230090491866065,0.19,1.0,0.0
922.0,2266.958072563723,1961.5989488905655,0.0,0.0,0.0,0.0,0.0,0.0
923.0,9.595594853721156,4.222215404210844,0.0,0.0,0.0,0.0,0.0,0.0
924.0,2703.2739564767962,2659.354095666723,0.0,0.0,0.46647615158762396,0.32,2.0,0.0
925.0,2380.086048560239,2529.9142083684847,104.48839193863618,5.273797164528152,0.3756327994198589,0.17,0.0,0.0
926.0,1924.673519961399,4331.337390236543,0.0,0.0,0.3469870314579494,0.14,0.0,0.0
927.0,1410.270394923811,2264.9172421893327,0.0,0.0,0.44395945760846234,0.27,2.0,0.0
928.0,2283.0093258248608,3862.176067494453,0.0,0.0,0.384187454245971,0.18,1.0,0.0
929.0,2790.3218771716934,4881.279908889814,0.0,0.0,0.3,0.1,0.0,0.0
930.0,11.506334123157025,5.312407059169256,0.0,0.0,0.0,0.0,0.0,0.0
931.0,2420.129026235039,2437.7656207012355,0.0,0.0,0.3,0.1,2.0,0.0
932.0,187.93449321731904,353.0152072018217,0.0,0.0,0.34698703145794946,0.14,1.0,0.0
933.0,509.4328455498235,1545.3036896311862,0.0,0.0,0.0,0.0,0.0,0.0
934.0,2297.418730232792,3204.0899971072695,0.0,0.0,0.4828043081829324,0.37,1.0,0.0
935.0,112.30336689079638,328.78078394270113,127.33313369809147,22.638770547810935,0.3570714214271425,0.15,0.0,0.0
936.0,2850.042599762138,3432.5097958508304,0.0,0.0,0.4270831300812525,0.24,2.0,0.0
937.0,972.0858793960816,1467.8220769511033,0.0,0.0,0.3,0.1,1.0,0.0
938.0,15.616701952837582,4.308363110543445,0.0,0.0,0.0,0.0,0.0,0.0
939.0,4003.622010551696,4562.252477812958,0.0,0.0,0.36660605559646725,0.16,1.0,0.0
940.0,501.63855265253267,1163.1774004748913,0.0,0.0,0.0,0.0,0.0,0.0
941.0,6.40559701526362,0.009650773866860704,0.0,0.0,0.0,0.0,0.0,0.0
942.0,2720.3645636077495,3996.5926661455815,0.0,0.0,0.31288975694324034,0.11,1.0,0.0
943.0,1583.5020505091163,2449.1619782352213,0.0,0.0,0.44395945760846234,0.27,0.0,0.0
944.0,1738.288254229881,2182.9482954533582,0.0,0.0,0.0,0.0,0.0,0.0
945.0,594.8730788372937,964.702425312183,0.0,0.0,0.2712931993250107,0.08,0.0,0.0
946.0,14.022001121918281,11.245342143530845,0.0,0.0,0.0,0.0,0.0,0.0
947.0,366.03679117028884,655.2862334348466,0.0,0.0,0.4270831300812525,0.24,2.0,0.0
948.0,1332.658792084129,1795.1206580731787,0.0,0.0,0.19595917942265423,0.04,0.0,0.0
949.0,3777.0444598995773,2662.6131042346906,113.87400742501957,8.02815541073995,0.48,0.36,3.0,0.0
950.0,676.8656369079852,1076.4481744959733,118.12783054227512,6.544891175375887,0.3,0.1,1.0,0.0
951.0,7237.811013948525,3786.9644456072283,0.0,0.0,0.49183330509431744,0.41,3.0,0.0
952.0,2879.605739906773,2677.1250835286055,0.0,0.0,0.49959983987187184,0.48,3.0,0.0
953.0,3855.628466091981,2372.4493080482816,0.0,0.0,0.3923009049186606,0.19,1.0,0.0
954.0,1183.4576020107297,1240.3455709780403,0.0,0.0,0.0,0.0,0.0,0.0
955.0,1896.9810255374996,4040.1108034168496,0.0,0.0,0.0,0.0,0.0,0.0
956.0,2253.7139093373303,3230.8999034017397,0.0,0.0,0.0,0.0,0.0,0.0
957.0,106.48246653133272,265.56503541686243,0.0,0.0,0.0,0.0,0.0,0.0
958.0,1993.8468888940724,2258.0629711137567,0.0,0.0,0.3,0.1,1.0,0.0
959.0,13.066621175539185,10.16293998766601,0.0,0.0,0.0,0.0,0.0,0.0
960.0,11.65142085532443,7.389924258448187,0.0,0.0,0.0,0.0,0.0,0.0
961.0,2555.3012302558036,3493.6770204251357,0.0,0.0,0.466476151587624,0.32,2.0,0.0
962.0,5765.885777035297,3737.935155994999,133.58257308520064,13.914407286575235,0.46647615158762396,0.68,3.0,0.0
963.0,3726.889429536733,3628.8305535096165,0.0,0.0,0.4950757517794625,0.43,3.0,0.0
964.0,6120.1927480442155,4328.222493372361,123.441039727644,12.318083305366713,0.4877499359302879,0.61,4.0,0.0
965.0,1094.8726709341229,2198.193236231593,0.0,0.0,0.0,0.0,0.0,0.0
966.0,1364.739840727605,2463.673784289258,0.0,0.0,0.3249615361854384,0.12,1.0,0.0
967.0,1922.7790962510564,3529.4065086571604,0.0,0.0,0.0,0.0,0.0,0.0
968.0,1145.4620292954921,2554.1593119682198,0.0,0.0,0.3363034344160047,0.13,0.0,0.0
969.0,280.08221440302464,854.4915902176557,143.0275951239781,3.90542995383047,0.3666060555964673,0.16,1.0,0.0
970.0,1696.9090088278238,3092.6698603734885,0.0,0.0,0.0,0.0,0.0,0.0
971.0,2328.113298282642,3256.3741864042067,0.0,0.0,0.384187454245971,0.18,2.0,0.0
972.0,2226.0415195854757,3909.1074153031864,0.0,0.0,0.384187454245971,0.18,1.0,0.0
973.0,4820.362393503243,3759.664525254685,0.0,0.0,0.49355850717012273,0.58,4.0,0.0
974.0,6349.469533908963,3813.8752198585485,120.42561699953364,4.866647386853662,0.3756327994198589,0.83,5.0,0.0
975.0,3957.56256375409,3297.9763874822406,119.79606703321635,6.492444673548646,0.4950757517794625,0.57,4.0,0.0
976.0,3112.6082359341544,3794.2050403942853,119.9189686099452,8.322093439365656,0.49355850717012273,0.58,4.0,0.0
977.0,291.90055208551024,1066.0332858970726,0.0,0.0,0.0,0.0,0.0,0.0
978.0,3309.24837394188,2839.174607247245,129.0306268086089,11.724232054091097,0.4386342439892262,0.26,3.0,0.0
979.0,3072.7683569564924,3931.570768819219,0.0,0.0,0.0,0.0,0.0,0.0
980.0,3684.701360569539,4857.942791939465,0.0,0.0,0.0,0.0,0.0,0.0
981.0,601.9246989044814,1073.5917211820945,0.0,0.0,0.4330127018922193,0.25,1.0,0.0
982.0,430.72042104568425,774.5747631597237,0.0,0.0,0.0,0.0,0.0,0.0
983.0,1060.9660032252668,1363.5308494554254,0.0,0.0,0.0,0.0,0.0,0.0
984.0,7.1268420958354275,0.9698471499434606,0.0,0.0,0.0,0.0,0.0,0.0
985.0,1553.6066538912557,2137.861669766061,0.0,0.0,0.1705872210923198,0.03,0.0,0.0
986.0,76.7025729071376,107.60317143936669,0.0,0.0,0.0,0.0,0.0,0.0
987.0,22.70051324188975,13.584554336725958,0.0,0.0,0.0,0.0,0.0,0.0
988.0,2148.857187066547,2308.1146838769014,0.0,0.0,0.0,0.0,0.0,0.0
989.0,75.70514965954402,166.8380179418264,0.0,0.0,0.0,0.0,0.0,0.0
990.0,11.400892938185638,2.806070733425166,0.0,0.0,0.0,0.0,0.0,0.0
991.0,10.70134350312664,2.9707288430111976,0.0,0.0,0.0,0.0,0.0,0.0
992.0,3812.345804978536,4176.735072111732,0.0,0.0,0.32496153618543844,0.12,1.0,0.0
993.0,41.35427023938496,61.1851093408702,146.47388032269706,8.580494703982602,0.4,0.2,1.0,0.0
994.0,1127.6510630396735,1611.2032885460756,0.0,0.0,0.0,0.0,0.0,0.0
995.0,359.14555890288017,800.7451797295112,0.0,0.0,0.0,0.0,0.0,0.0
996.0,6.406926876240309,0.010821507935718112,0.0,0.0,0.0,0.0,0.0,0.0
997.0,3943.8059000219846,3991.7352242234447,137.23414402527695,27.14638377329149,0.49989998999799945,0.51,2.0,0.0
998.0,6185.324361106904,4266.085837460711,0.0,0.0,0.42708313008125254,0.76,4.0,0.0
999.0,4892.234416529281,2923.897999306204,119.15939912880503,6.576319066453683,0.4918333050943174,0.59,4.0,0.0
1000.0,4458.490284468583,3568.245594844747,122.01653750485309,9.300497554206766,0.4983974317750845,0.46,1.0,0.0
1001.0,36.78348000693079,30.135609029256614,0.0,0.0,0.384187454245971,0.18,2.0,0.0
1002.0,5976.569012090152,3289.9298337763103,0.0,0.0,0.0,0.0,0.0,0.0
1003.0,54.20214726443528,118.23694671782519,0.0,0.0,0.0,0.0,0.0,0.0
1004.0,2529.9125239977193,2258.3481247208765,0.0,0.0,0.3,0.1,1.0,0.0
1005.0,114.64586008938261,325.8497843144632,0.0,0.0,0.0,0.0,0.0,0.0
1006.0,41.019243994690356,90.80328028292682,0.0,0.0,0.0,0.0,0.0,0.0
1007.0,1483.5683274640126,3797.360313595865,0.0,0.0,0.0,0.0,0.0,0.0
1008.0,1455.0786582917344,3029.2236907083907,0.0,0.0,0.34698703145794946,0.14,1.0,0.0
1009.0,5857.047652439585,4350.663543208996,131.67541631513615,8.71577838920905,0.3,0.9,4.0,0.0
1010.0,4364.31657069697,2832.2615038806707,117.77194014302998,4.396560257246455,0.4963869458396343,0.56,5.0,0.0
1011.0,4631.227000530234,2788.7652570899722,115.56130941922129,2.838864486216411,0.4918333050943175,0.41,2.0,0.0
1012.0,3905.6814250652496,3934.205471984332,0.0,0.0,0.4270831300812525,0.24,1.0,0.0
1013.0,4776.230057976035,5337.201953122953,0.0,0.0,0.0,0.0,0.0,0.0
1014.0,1622.064461229447,2282.7016979126474,0.0,0.0,0.4270831300812525,0.24,2.0,0.0
1015.0,148.602513989233,384.7160912217705,0.0,0.0,0.0,0.0,0.0,0.0
1016.0,203.88627077120734,484.1122965846212,0.0,0.0,0.0,0.0,0.0,0.0
1017.0,7.310992118065307,1.452544641195884,0.0,0.0,0.0,0.0,0.0,0.0
1018.0,2997.7306410774804,3517.019854322655,0.0,0.0,0.3570714214271425,0.15,2.0,0.0
1019.0,428.77814892674337,683.5555582405807,0.0,0.0,0.49355850717012273,0.42,1.0,0.0
1020.0,9.6563177968052,1.3036383380960979,0.0,0.0,0.0,0.0,0.0,0.0
1021.0,1093.8386768460573,1546.259827869381,0.0,0.0,0.0,0.0,0.0,0.0
1022.0,7.99082085626213,2.255713314448427,0.0,0.0,0.0,0.0,0.0,0.0
1023.0,1361.6833344944532,2087.465245622012,0.0,0.0,0.4,0.2,1.0,0.0
1024.0,562.6002346826942,993.1103109344473,0.0,0.0,0.0,0.0,0.0,0.0
1025.0,9.928163715183473,1.165129383877076,0.0,0.0,0.0,0.0,0.0,0.0
1026.0,2550.115063470908,3881.7436689858023,0.0,0.0,0.4737087712930805,0.34,2.0,0.0
1027.0,5430.973606078375,4314.058921442362,0.0,0.0,0.48774993593028787,0.61,3.0,0.0
1028.0,5730.908823890292,3858.120776549471,121.70916008136967,4.777181624570095,0.4990991885387111,0.53,4.0,0.0
1029.0,5032.5438824661,3825.133100871518,118.72678472799791,8.826636704728118,0.49183330509431744,0.41,3.0,0.0
1030.0,1517.0950431593376,2840.143049183808,0.0,0.0,0.3923009049186606,0.19,0.0,0.0
1031.0,5190.94375297186,4704.244556925796,0.0,0.0,0.49355850717012273,0.42,1.0,0.0
1032.0,123.4544531438768,276.4118464306757,135.14373467442886,13.080622530698939,0.4270831300812525,0.24,1.0,0.0
1033.0,2081.26223566025,1957.0855144747131,0.0,0.0,0.0,0.0,0.0,0.0
1034.0,110.7549426127675,256.54564336874074,0.0,0.0,0.0,0.0,0.0,0.0
1035.0,1670.5494332079948,1663.5488662540251,0.0,0.0,0.3841874542459709,0.18,1.0,0.0
1036.0,10.100329882914682,4.361770297923622,0.0,0.0,0.0,0.0,0.0,0.0
1037.0,1140.5177591333622,2193.701706006166,0.0,0.0,0.3249615361854384,0.12,1.0,0.0
1038.0,29.767165172894448,40.64171545426416,0.0,0.0,0.0,0.0,0.0,0.0
1039.0,2842.3853272231686,4511.05435188652,0.0,0.0,0.33630343441600474,0.13,1.0,0.0
1040.0,467.08715232678406,704.6493697760886,99.08404384230116,13.687712994988182,0.4702127178203499,0.33,3.0,0.0
1041.0,46.6239592635644,125.3638406929219,0.0,0.0,0.3128897569432403,0.11,0.0,0.0
1042.0,497.6674625137767,360.72612326805336,0.0,0.0,0.0,0.0,0.0,0.0
1043.0,12.501072046382408,5.360503521478888,0.0,0.0,0.0,0.0,0.0,0.0
1044.0,525.6171276996375,2061.8973209870096,0.0,0.0,0.21794494717703367,0.05,0.0,0.0
1045.0,6420.683352215082,4267.177682273679,0.0,0.0,0.4918333050943174,0.59,3.0,0.0
1046.0,3758.180462426481,3285.6734408815496,0.0,0.0,0.48280430818293246,0.37,1.0,0.0
1047.0,5273.332983102687,3670.408885384777,119.69745723413808,4.880592790291908,0.48000000000000004,0.64,4.0,0.0
1048.0,3399.4681426236166,3042.357122435392,108.16142017957286,3.4127142615612596,0.4963869458396343,0.56,5.0,0.0
1049.0,456.396374322376,771.5626102326249,129.34419706379396,14.734292822903779,0.384187454245971,0.18,2.0,0.0
1050.0,4957.738727627382,4987.641171548187,0.0,0.0,0.0,0.0,0.0,0.0
1051.0,3525.400761514289,3591.3076814234487,0.0,0.0,0.39230090491866065,0.19,0.0,0.0
1052.0,8.22787798255519,0.8555571950573184,0.0,0.0,0.0,0.0,0.0,0.0
1053.0,2741.799325751212,3112.719819157054,0.0,0.0,0.31288975694324034,0.11,1.0,0.0
1054.0,5143.4135320373925,4850.592107673891,0.0,0.0,0.0,0.0,0.0,0.0
1055.0,757.231399603936,1497.8891580274799,0.0,0.0,0.0,0.0,0.0,0.0
1056.0,6.406349198580016,0.00789300778588775,0.0,0.0,0.0,0.0,0.0,0.0
1057.0,630.3013341725639,1032.0638137670187,0.0,0.0,0.0,0.0,0.0,0.0
1058.0,4157.398727964534,3761.068898224854,0.0,0.0,0.49749371855331004,0.55,4.0,0.0
1059.0,5461.182942683134,3177.167043858397,0.0,0.0,0.45376205218153715,0.71,4.0,0.0
1060.0,4256.199143436441,2756.656017718456,120.84860857019133,11.716327910692149,0.4142463035441596,0.78,5.0,0.0
1061.0,4321.138749689366,4382.642514501295,132.06795337017329,17.60384956595402,0.49989998999799956,0.51,4.0,0.0
1062.0,926.6007300054305,2313.55422498277,0.0,0.0,0.31288975694324034,0.11,0.0,0.0
1063.0,3751.216501327573,4374.673345063591,0.0,0.0,0.0,0.0,0.0,0.0
1064.0,281.2007338084905,643.2331198507557,0.0,0.0,0.31288975694324034,0.11,2.0,0.0
1065.0,2324.341241186996,3797.8020105840483,0.0,0.0,0.25514701644346144,0.07,0.0,0.0
1066.0,2593.3340565794606,2791.126087582887,0.0,0.0,0.31288975694324034,0.11,1.0,0.0
1067.0,1592.66696604739,3909.7456314528827,0.0,0.0,0.0,0.0,0.0,0.0
1068.0,1865.7278780440915,3293.084911065131,126.49514240304089,25.968277609021165,0.49355850717012273,0.42,1.0,0.0
1069.0,1967.1606302571752,2516.759286009135,0.0,0.0,0.0,0.0,0.0,0.0
1070.0,640.9885705146384,1113.8509284217498,0.0,0.0,0.3249615361854384,0.12,0.0,0.0
1071.0,6.402535144422421,0.008894801004742214,0.0,0.0,0.0,0.0,0.0,0.0
1072.0,22.1728182349343,39.36162419537305,0.0,0.0,0.0,0.0,0.0,0.0
1073.0,654.3495713941909,1098.9524477742427,0.0,0.0,0.0,0.0,0.0,0.0
1074.0,1807.970793710688,3099.099103888181,130.82817521346112,11.53077980717727,0.4537620521815371,0.29,1.0,0.0
1075.0,6454.675335995437,3871.7413960802296,123.78761510449606,4.3957955357084435,0.44899888641287294,0.72,3.0,0.0
1076.0,3771.9388986754802,3196.865014261852,0.0,0.0,0.4877499359302879,0.61,3.0,0.0
1077.0,3808.128081617842,3236.309339717027,0.0,0.0,0.4963869458396343,0.56,4.0,0.0
1078.0,3280.7466203152208,2816.8168064162633,0.0,0.0,0.0,0.0,0.0,0.0
1079.0,90.42198555159389,147.3308926397129,143.54686353501697,2.2334290098687473,0.45825756949558394,0.3,0.0,0.0
1080.0,3514.9025338866772,3889.7657619573524,0.0,0.0,0.0,0.0,0.0,0.0
1081.0,594.321560271731,761.697302559251,0.0,0.0,0.0,0.0,0.0,0.0
1082.0,1173.9040486994788,2322.8441977350776,0.0,0.0,0.0,0.0,0.0,0.0
1083.0,3170.7147363905456,3909.9171056458163,0.0,0.0,0.34698703145794946,0.14,1.0,0.0
1084.0,13.625967647733994,6.731308679406113,0.0,0.0,0.0,0.0,0.0,0.0
1085.0,54.280775971642385,103.2567221030486,0.0,0.0,0.0,0.0,0.0,0.0
1086.0,1480.108460974228,3643.3085972522413,0.0,0.0,0.4208325082500164,0.23,2.0,0.0
1087.0,3562.83967251002,4417.541773334517,0.0,0.0,0.41424630354415964,0.22,2.0,0.0
1088.0,294.9094478192533,497.49228906369643,0.0,0.0,0.0,0.0,0.0,0.0
1089.0,6.405437317266859,0.009013351778405416,0.0,0.0,0.0,0.0,0.0,0.0
1090.0,18.747450016847242,19.23138379249172,0.0,0.0,0.0,0.0,0.0,0.0
1091.0,8.601369076075292,0.3999619535873515,0.0,0.0,0.0,0.0,0.0,0.0
1092.0,4288.81447129693,4069.2129880736798,0.0,0.0,0.49839743177508444,0.54,4.0,0.0
1093.0,5162.736379822394,3608.6927811802916,0.0,0.0,0.3363034344160047,0.87,4.0,0.0
1094.0,5292.074238761381,3665.6171638899,117.62757760905166,1.359776710571275,0.4386342439892262,0.74,3.0,0.0
1095.0,4224.196464361177,3337.694698496485,115.3221150405061,6.467092821028564,0.48989794855663565,0.6,4.0,0.0
1096.0,567.4061290632865,816.21118024751,136.05145755787507,10.889927169875884,0.44899888641287283,0.28,2.0,0.0
1097.0,3086.603180142655,4056.5587161708468,0.0,0.0,0.0,0.0,0.0,0.0
1098.0,5256.107345386536,4860.103183709529,0.0,0.0,0.0,0.0,0.0,0.0
1099.0,1187.9090245232144,2049.2992143148263,0.0,0.0,0.2861817604250837,0.09,0.0,0.0
1100.0,1046.953594084549,1538.021944308961,0.0,0.0,0.4330127018922193,0.25,1.0,0.0
1101.0,227.84833549579437,577.3259468781245,0.0,0.0,0.0,0.0,0.0,0.0
1102.0,4260.22515170013,2728.3923496401276,0.0,0.0,0.0,0.0,0.0,0.0
1103.0,11.402768211156385,11.396344583912777,0.0,0.0,0.0,0.0,0.0,0.0
1104.0,617.0437863627726,807.3522479514583,0.0,0.0,0.3249615361854384,0.12,1.0,0.0
1105.0,8.585463057515383,0.703752722541072,0.0,0.0,0.0,0.0,0.0,0.0
1106.0,1333.3564504452527,1604.6380523316145,0.0,0.0,0.0,0.0,0.0,0.0
1107.0,3947.393928409202,4492.624155176543,0.0,0.0,0.34698703145794946,0.14,1.0,0.0
1108.0,275.40423345224286,707.9658547309377,0.0,0.0,0.4,0.2,1.0,0.0
1109.0,1007.4425967518125,2691.949582204782,0.0,0.0,0.3469870314579494,0.14,1.0,0.0
1110.0,6003.843800485836,4197.406537929624,0.0,0.0,0.49749371855331004,0.55,4.0,0.0
1111.0,4852.319893932851,3434.5589788732264,0.0,0.0,0.4828043081829324,0.63,3.0,0.0
1112.0,4407.763799716586,3001.1262094427316,112.47050175939543,3.7385603131723073,0.4998999899979995,0.51,3.0,0.0
1113.0,1185.358728850218,1801.2872088486217,0.0,0.0,0.0,0.0,0.0,0.0
1114.0,1868.6634458463159,4122.62600150436,0.0,0.0,0.39230090491866065,0.19,1.0,0.0
1115.0,4158.255837295362,4547.11532460153,132.85122140522168,11.290613130957365,0.4974937185533099,0.55,2.0,0.0
1116.0,1049.1297555930166,1951.0883189755705,0.0,0.0,0.0,0.0,0.0,0.0
1117.0,1019.4543936400851,1714.3810127657362,0.0,0.0,0.0,0.0,0.0,0.0
1118.0,6.404236198720017,0.00840161853864109,0.0,0.0,0.0,0.0,0.0,0.0
1119.0,1666.3282722935992,1705.2962081721494,0.0,0.0,0.3,0.1,1.0,0.0
1120.0,3691.4979595935506,3465.040313402502,0.0,0.0,0.44899888641287283,0.28,2.0,0.0
1121.0,13.73806714739746,23.28124256605518,0.0,0.0,0.0,0.0,0.0,0.0
1122.0,3024.229012270527,1526.7227525794742,0.0,0.0,0.0,0.0,0.0,0.0
1123.0,590.4617989964222,1227.5628374802006,0.0,0.0,0.37563279941985894,0.17,1.0,0.0
1124.0,4834.986551472779,3685.503731924822,0.0,0.0,0.3923009049186606,0.19,0.0,0.0
1125.0,2073.8012523675056,3522.63211332346,0.0,0.0,0.41424630354415964,0.22,1.0,0.0
1126.0,2981.3342728730704,4239.164314536236,0.0,0.0,0.3923009049186606,0.19,2.0,0.0
1127.0,3161.6277190447067,3458.846335668044,0.0,0.0,0.3249615361854384,0.12,2.0,0.0
1128.0,1907.4789808582368,3962.550101035648,0.0,0.0,0.0,0.0,0.0,0.0
1129.0,398.1990770313205,752.4926818810856,0.0,0.0,0.0,0.0,0.0,0.0
1130.0,133.7658523407838,354.26922997812176,0.0,0.0,0.0,0.0,0.0,0.0
1131.0,2038.7363199351096,2027.4418084442395,0.0,0.0,0.0,0.0,0.0,0.0
1132.0,6.40439422982122,0.007831664423872942,0.0,0.0,0.0,0.0,0.0,0.0
1133.0,1197.3260334098916,1168.884856739675,0.0,0.0,0.4386342439892262,0.26,3.0,0.0
1134.0,2020.1278199827339,2725.5688364136345,0.0,0.0,0.0,0.0,0.0,0.0
1135.0,37.72500662851938,51.605471578813784,0.0,0.0,0.0,0.0,0.0,0.0
1136.0,2662.758074729826,3200.255605818908,0.0,0.0,0.3570714214271425,0.15,1.0,0.0
1137.0,3580.932776586482,3855.7244089207106,105.90372668276999,15.213783084730833,0.4828043081829324,0.37,2.0,0.0
1138.0,8.487597315215623,2.1488094712650896,0.0,0.0,0.0,0.0,0.0,0.0
1139.0,1122.0901983712804,1160.561256871692,0.0,0.0,0.4877499359302879,0.39,3.0,0.0
1140.0,248.4179748079884,527.2643740470127,0.0,0.0,0.3570714214271425,0.15,1.0,0.0
1141.0,4479.223262775018,4143.432053494637,0.0,0.0,0.46647615158762396,0.68,4.0,0.0
1142.0,6087.2001528967385,3778.410589881147,124.61551437655213,5.157452156508623,0.44899888641287294,0.72,4.0,0.0
1143.0,831.8196157694179,1934.3606199200024,0.0,0.0,0.3249615361854384,0.12,0.0,0.0
1144.0,2917.2322817358795,2909.374523517681,0.0,0.0,0.462493243193887,0.31,2.0,0.0
1145.0,906.0144197365336,1256.344886688709,126.8060185395923,22.013739794180758,0.4898979485566357,0.4,2.0,0.0
1146.0,2666.144597072116,3942.9124826593315,0.0,0.0,0.0,0.0,0.0,0.0
1147.0,1796.6303884208603,1395.9079545993438,0.0,0.0,0.0,0.0,0.0,0.0
1148.0,3192.118808866422,3319.541282942585,0.0,0.0,0.487749935930288,0.39,2.0,0.0
1149.0,16.447855749164418,14.88535021967394,0.0,0.0,0.0,0.0,0.0,0.0
1150.0,4995.123450104334,4691.942458819034,0.0,0.0,0.0,0.0,0.0,0.0
1151.0,1954.108530706306,3982.6329897676933,0.0,0.0,0.407308237088326,0.21,0.0,0.0
1152.0,1903.3430617933598,2394.791219256987,0.0,0.0,0.34698703145794946,0.14,2.0,0.0
1153.0,6.406288347936373,0.00892003168870376,0.0,0.0,0.0,0.0,0.0,0.0
1154.0,145.2337173002284,452.17403464535425,0.0,0.0,0.0,0.0,0.0,0.0
1155.0,569.4541912572215,980.7242681955914,0.0,0.0,0.0,0.0,0.0,0.0
1156.0,442.39090543174245,1797.6370888228375,0.0,0.0,0.2712931993250107,0.08,0.0,0.0
1157.0,7243.922991930664,4582.019257613044,0.0,0.0,0.5,0.5,3.0,0.0
1158.0,4937.623676896793,3411.721865190081,0.0,0.0,0.49507575177946245,0.57,3.0,0.0
1159.0,3814.705463669806,2816.720725253046,119.8549019369125,4.203620876385584,0.5,0.5,3.0,0.0
1160.0,1532.8819319901845,2707.5669036235863,133.98432280669948,8.861301589378092,0.4270831300812525,0.24,1.0,0.0
1161.0,3453.789644746445,3889.084166203947,0.0,0.0,0.40730823708832603,0.21,2.0,0.0
1162.0,48.581121711305165,96.12081319472958,107.23073431917803,28.73831428744764,0.3923009049186606,0.19,1.0,0.0
1163.0,2708.8426940713543,3572.188642566646,0.0,0.0,0.0,0.0,0.0,0.0
1164.0,965.5643129819927,1243.1293335623197,0.0,0.0,0.407308237088326,0.21,2.0,0.0
1165.0,7.322861064065522,0.22959436682827336,0.0,0.0,0.0,0.0,0.0,0.0
1166.0,2392.4595703100267,2258.7273919438308,0.0,0.0,0.0,0.0,0.0,0.0
1167.0,3813.4273663631907,4515.969512786082,0.0,0.0,0.0,0.0,0.0,0.0
1168.0,3872.0517677976954,4025.6927220033594,142.4582929375422,11.205556045805416,0.4537620521815371,0.29,2.0,0.0
1169.0,181.27308407388406,412.16990729730355,0.0,0.0,0.3249615361854384,0.12,1.0,0.0
1170.0,4708.586841741841,4755.37767282546,0.0,0.0,0.3,0.1,1.0,0.0
1171.0,1614.0978886857906,3674.7950663731954,0.0,0.0,0.0,0.0,0.0,0.0
1172.0,3239.563641351454,4142.085358414815,0.0,0.0,0.0,0.0,0.0,0.0
1173.0,65.77157684211676,50.42698363796737,0.0,0.0,0.3,0.1,1.0,0.0
1174.0,1150.837547225495,2907.4773475454112,0.0,0.0,0.0,0.0,0.0,0.0
1175.0,1489.6307587116573,1867.9556532418205,0.0,0.0,0.0,0.0,0.0,0.0
1176.0,7.833533136409545,4.777121759428804,0.0,0.0,0.0,0.0,0.0,0.0
1177.0,3457.1878312965882,3781.5089228351367,0.0,0.0,0.37563279941985894,0.17,1.0,0.0
1178.0,10.16288417849687,1.3912932102798863,0.0,0.0,0.0,0.0,0.0,0.0
1179.0,1927.3044291815854,2701.044273538517,0.0,0.0,0.3,0.1,2.0,0.0
1180.0,15.012365594607228,15.855494121509036,0.0,0.0,0.0,0.0,0.0,0.0
1181.0,6.445905389684522,0.21881414673296978,0.0,0.0,0.0,0.0,0.0,0.0
1182.0,3353.397673331943,3590.541721103645,0.0,0.0,0.4330127018922193,0.25,1.0,0.0
1183.0,8.992545793238216,1.5053565750952749,0.0,0.0,0.0,0.0,0.0,0.0
1184.0,1908.7211228087065,2005.5031862006833,0.0,0.0,0.0,0.0,0.0,0.0
1185.0,1055.7897463854665,2532.889166701075,132.82747195240012,15.022078373669569,0.4330127018922193,0.25,1.0,0.0
1186.0,3462.930796935635,3790.2420723633545,0.0,0.0,0.0,0.0,0.0,0.0
1187.0,15.269031379719587,19.355650826415648,0.0,0.0,0.0,0.0,0.0,0.0
1188.0,3428.492694013172,3907.432280024371,0.0,0.0,0.3570714214271425,0.15,2.0,0.0
1189.0,153.47437889959127,287.8536174556126,145.5413313567995,6.290765896931059,0.44395945760846234,0.27,0.0,0.0
1190.0,216.59731765312662,769.2392058857289,0.0,0.0,0.375632799419859,0.17,0.0,0.0
1191.0,1989.662014869723,2830.7151812252114,0.0,0.0,0.0,0.0,0.0,0.0
1192.0,9.245394424493304,1.3975239993042425,0.0,0.0,0.0,0.0,0.0,0.0
1193.0,1213.698195086073,1527.3043062608358,0.0,0.0,0.0,0.0,0.0,0.0
1194.0,428.41923531237177,765.4553051751469,0.0,0.0,0.0,0.0,0.0,0.0
1195.0,579.946459370021,1260.6816298044184,0.0,0.0,0.0,0.0,0.0,0.0
1196.0,6412.815675391695,4812.392224634954,0.0,0.0,0.3249615361854384,0.12,1.0,0.0
1197.0,1176.04601843112,2114.650440468995,0.0,0.0,0.0,0.0,0.0,0.0
1198.0,353.23357516585537,562.6703745255535,0.0,0.0,0.0,0.0,0.0,0.0
1199.0,11.421050400622034,4.328037955873671,0.0,0.0,0.0,0.0,0.0,0.0
1200.0,1004.6182656103764,1105.373288119858,0.0,0.0,0.0,0.0,0.0,0.0
1201.0,627.3328134177121,1044.7762519795378,0.0,0.0,0.4270831300812525,0.24,1.0,0.0
1202.0,690.988153344172,1810.4179654032187,0.0,0.0,0.0,0.0,0.0,0.0
1203.0,1670.336163493763,2805.4446083845996,0.0,0.0,0.3,0.1,1.0,0.0
1204.0,624.3240177486664,1307.6421628810717,0.0,0.0,0.0,0.0,0.0,0.0
1205.0,1082.2827471798494,1235.3785655744935,0.0,0.0,0.4,0.2,0.0,0.0
1206.0,9.107423919624228,1.102543518400905,0.0,0.0,0.0,0.0,0.0,0.0
1207.0,213.21241422114778,281.7393695193312,0.0,0.0,0.36660605559646725,0.16,2.0,0.0
1208.0,7.741311165921035,2.7550549791127956,0.0,0.0,0.0,0.0,0.0,0.0
1209.0,6.402615285519593,0.010424196502390968,0.0,0.0,0.0,0.0,0.0,0.0
1210.0,2728.6964042620275,3758.8260481521993,0.0,0.0,0.4330127018922193,0.25,1.0,0.0
1211.0,5613.0692631209995,3867.228178316667,120.97711750871984,6.042685970305071,0.34698703145794935,0.86,4.0,0.0
1212.0,4342.13751844133,3506.371571965764,121.21224635486179,4.823000638971397,0.44899888641287294,0.72,5.0,0.0
1213.0,3781.940838832754,3489.880821434943,144.26912677058291,54.16092152315215,0.4950757517794625,0.43,2.0,0.0
1214.0,283.51961087824924,592.6636177909487,109.86020993117131,16.203972874771505,0.384187454245971,0.18,1.0,0.0
1215.0,3131.488641781992,2873.9797393033978,0.0,0.0,0.4,0.2,3.0,0.0
1216.0,215.38487838106093,415.04278040497564,0.0,0.0,0.0,0.0,0.0,0.0
1217.0,1070.1046970324378,3097.9750543377295,0.0,0.0,0.0,0.0,0.0,0.0
1218.0,5959.726168116924,4347.923943460441,155.112513169435,27.05496599439244,0.4664761515876239,0.32,2.0,0.0
1219.0,2089.8831399811256,3964.3744274040732,0.0,0.0,0.0,0.0,0.0,0.0
1220.0,927.604039399946,2016.9322707370566,0.0,0.0,0.31288975694324034,0.11,1.0,0.0
1221.0,585.0327059677503,1039.384120102795,0.0,0.0,0.34698703145794946,0.14,0.0,0.0
1222.0,822.8272512379797,2085.4512325057653,0.0,0.0,0.0,0.0,0.0,0.0
1223.0,4003.3423391972838,4844.195076291769,0.0,0.0,0.3923009049186606,0.19,0.0,0.0
1224.0,9.555340088709395,2.200708551182888,0.0,0.0,0.0,0.0,0.0,0.0
1225.0,4833.400430375168,4744.828156225257,0.0,0.0,0.0,0.0,0.0,0.0
1226.0,342.9910402859198,844.0868050495018,0.0,0.0,0.3363034344160047,0.13,0.0,0.0
1227.0,6.401638674792545,0.008961767711909919,0.0,0.0,0.0,0.0,0.0,0.0
1228.0,5908.670517212516,4954.705810447709,0.0,0.0,0.0,0.0,0.0,0.0
1229.0,355.54884517930594,484.585389598577,0.0,0.0,0.3249615361854384,0.12,1.0,0.0
1230.0,1542.166190587829,2074.1839361141206,0.0,0.0,0.44899888641287283,0.28,1.0,0.0
1231.0,4686.580355828166,2584.5230209563483,0.0,0.0,0.0,0.0,0.0,0.0
1232.0,31.581273969853672,48.66519389606746,0.0,0.0,0.0,0.0,0.0,0.0
1233.0,5870.68375778728,3860.29544162814,112.69112942468514,22.191840535102237,0.3,0.1,0.0,0.0
1234.0,62.174027512672936,138.5488104211175,0.0,0.0,0.0,0.0,0.0,0.0
1235.0,4829.580974187045,4355.418103267031,0.0,0.0,0.0,0.0,0.0,0.0
1236.0,2422.225904704303,3579.30298419525,0.0,0.0,0.40730823708832603,0.21,0.0,0.0
1237.0,2424.968420909243,4543.049373254871,0.0,0.0,0.0,0.0,0.0,0.0
1238.0,3508.943579360037,3132.9240874224924,0.0,0.0,0.0,0.0,0.0,0.0
1239.0,45.251754824103436,77.33369432430074,94.02631300121756,5.238186771789599,0.3570714214271425,0.15,1.0,0.0
1240.0,5533.60965978808,3894.5204683027605,0.0,0.0,0.0,0.0,0.0,0.0
1241.0,1061.980680232821,1506.0908108656397,0.0,0.0,0.0,0.0,0.0,0.0
1242.0,251.70857043425804,540.4727798451701,0.0,0.0,0.0,0.0,0.0,0.0
1243.0,2286.3906416414156,3760.7114532612604,0.0,0.0,0.458257569495584,0.3,2.0,0.0
1244.0,10.639324736780473,4.5496893651603525,0.0,0.0,0.0,0.0,0.0,0.0
1245.0,419.04595303350266,897.5157116688032,0.0,0.0,0.0,0.0,0.0,0.0
1246.0,9.703173189797036,1.7455843310752353,0.0,0.0,0.0,0.0,0.0,0.0
1247.0,21.031060768932193,27.373102671992605,0.0,0.0,0.0,0.0,0.0,0.0
1248.0,3317.917318004229,2889.528334781738,0.0,0.0,0.47021271782034985,0.33,2.0,0.0
1249.0,1605.3656036749935,1431.2933508387027,0.0,0.0,0.0,0.0,0.0,0.0
1250.0,481.30607623496763,573.4945493418553,171.9848623344648,30.15328728124817,0.4489988864128728,0.28,3.0,0.0
1251.0,4802.999334125035,4071.3566969075764,0.0,0.0,0.4918333050943175,0.41,3.0,0.0
1252.0,4988.289534430365,4015.8610135130057,127.41897742841346,7.373499126692937,0.4,0.8,3.0,0.0
1253.0,4806.236829423085,3011.1516686065056,0.0,0.0,0.45825756949558394,0.7,5.0,0.0
1254.0,3044.968217253117,4039.203754828572,0.0,0.0,0.3923009049186606,0.19,0.0,0.0
1255.0,1154.1007674143098,3415.4853383455147,0.0,0.0,0.0,0.0,0.0,0.0
1256.0,3175.694994162926,3682.3923098545347,0.0,0.0,0.0,0.0,0.0,0.0
1257.0,9.533610037185163,5.976715479572178,0.0,0.0,0.0,0.0,0.0,0.0
1258.0,1588.565147984495,2475.706229773995,0.0,0.0,0.0,0.0,0.0,0.0
1259.0,9.536670722109038,1.3134162822308597,0.0,0.0,0.0,0.0,0.0,0.0
1260.0,9.396340877888582,2.6859774039715845,0.0,0.0,0.0,0.0,0.0,0.0
1261.0,6.408302161157511,0.01042659954551718,0.0,0.0,0.0,0.0,0.0,0.0
1262.0,3157.7197067040756,3804.0665449448234,0.0,0.0,0.4828043081829324,0.37,2.0,0.0
1263.0,6337.194955956198,3936.3727397172656,128.23292864691786,5.631107042243609,0.3570714214271425,0.85,4.0,0.0
1264.0,4447.964036194996,3024.295672833231,120.55583853083213,2.9394729127146344,0.4737087712930805,0.66,3.0,0.0
1265.0,3566.4221944307233,2732.2898880118137,115.80760384441828,7.8053771272371435,0.49749371855331,0.55,4.0,0.0
1266.0,2930.9112727146276,2811.020166094422,118.33363746337916,9.500488064575867,0.3570714214271425,0.15,1.0,0.0
1267.0,44.70680269185837,21.295384922939835,0.0,0.0,0.0,0.0,0.0,0.0
1268.0,1477.8948894347454,1620.8420741529308,114.26749061115478,15.143548915158444,0.34698703145794946,0.14,0.0,0.0
1269.0,9.042569867456416,1.6072172161990876,0.0,0.0,0.0,0.0,0.0,0.0
1270.0,6.917527616951597,0.668898692140841,0.0,0.0,0.0,0.0,0.0,0.0
1271.0,30.152909995852596,52.48013223730554,0.0,0.0,0.33630343441600474,0.13,1.0,0.0
1272.0,8.618180201023268,1.123654394640724,0.0,0.0,0.0,0.0,0.0,0.0
1273.0,212.09503356879702,532.3291588070059,0.0,0.0,0.0,0.0,0.0,0.0
1274.0,6110.745471723698,4264.902268799514,126.80210702876744,4.154036151054362,0.49909918853871116,0.53,3.0,0.0
1275.0,5754.509601894544,3607.005843700083,121.49951586020674,4.608668261467498,0.4208325082500164,0.77,2.0,0.0
1276.0,4539.51309271005,3409.026853068719,115.0334180087553,5.263691245247301,0.49355850717012273,0.58,4.0,0.0
1277.0,4689.432487714337,4508.475904297952,0.0,0.0,0.34698703145794946,0.14,1.0,0.0
1278.0,1700.0559110825807,4549.3898889464635,0.0,0.0,0.0,0.0,0.0,0.0
1279.0,2222.5407654026208,2676.211215325012,0.0,0.0,0.36660605559646725,0.16,2.0,0.0
1280.0,8.232482995507617,0.7758311216438959,0.0,0.0,0.0,0.0,0.0,0.0
1281.0,2295.86713071277,2577.2432914963497,0.0,0.0,0.0,0.0,0.0,0.0
1282.0,7.860136407313495,1.647393425373103,0.0,0.0,0.0,0.0,0.0,0.0
1283.0,1558.613197362741,3932.932764722168,0.0,0.0,0.0,0.0,0.0,0.0
1284.0,1731.3283996175292,1797.9778751074703,0.0,0.0,0.44395945760846234,0.27,3.0,0.0
1285.0,9.65526760725827,1.4617100572282802,0.0,0.0,0.0,0.0,0.0,0.0
1286.0,3003.7511510665436,3162.3203624943776,0.0,0.0,0.3,0.1,1.0,0.0
1287.0,1209.8848422465192,2262.192149670883,0.0,0.0,0.3249615361854384,0.12,0.0,0.0
1288.0,8.307223848183938,2.587043124100086,0.0,0.0,0.0,0.0,0.0,0.0
1289.0,2930.142482229442,4433.009397213849,0.0,0.0,0.44899888641287283,0.28,0.0,0.0
1290.0,14.605575881979512,3.3162781766215454,0.0,0.0,0.0,0.0,0.0,0.0
1291.0,11.844773655604415,2.4810067989387363,0.0,0.0,0.0,0.0,0.0,0.0
1292.0,2889.293764477949,2598.030247716624,0.0,0.0,0.0,0.0,0.0,0.0
1293.0,29.27524958312533,57.056456412549664,0.0,0.0,0.0,0.0,0.0,0.0
1294.0,8.96687407822863,0.948911087070631,0.0,0.0,0.0,0.0,0.0,0.0
1295.0,2313.676780763166,3567.4611898319235,0.0,0.0,0.47021271782034985,0.33,2.0,0.0
1296.0,4873.435018902307,3784.0822338418147,0.0,0.0,0.4737087712930805,0.66,4.0,0.0
1297.0,4175.722308008684,2491.497722217805,117.11712632899514,3.522440192996812,0.37563279941985894,0.83,3.0,0.0
1298.0,2216.8723307651494,2739.379726280753,0.0,0.0,0.462493243193887,0.31,2.0,0.0
1299.0,27.079316562388453,24.141554625821488,0.0,0.0,0.0,0.0,0.0,0.0
1300.0,5285.509315600573,3825.074233035775,0.0,0.0,0.31288975694324034,0.11,1.0,0.0
1301.0,334.4015192219915,1015.5957649910007,0.0,0.0,0.0,0.0,0.0,0.0
1302.0,3404.412741560422,4610.870661928069,0.0,0.0,0.0,0.0,0.0,0.0
1303.0,30.63074740409178,39.84396288534837,0.0,0.0,0.0,0.0,0.0,0.0
1304.0,2882.6359465046594,4028.1928768300563,0.0,0.0,0.3923009049186606,0.19,1.0,0.0
1305.0,9.868872355277572,1.789674489448093,0.0,0.0,0.0,0.0,0.0,0.0
1306.0,43.112294745163375,97.48636112573104,0.0,0.0,0.0,0.0,0.0,0.0
1307.0,10.94141534056933,9.513362467764885,0.0,0.0,0.0,0.0,0.0,0.0
1308.0,570.0430038644433,1074.8890118406514,0.0,0.0,0.0,0.0,0.0,0.0
1309.0,1297.8036455570814,2832.0573035230536,128.5140562753547,9.257592644813835,0.41424630354415964,0.22,2.0,0.0
1310.0,5262.383073962335,3693.7139246707598,122.8395196086725,4.640237215717093,0.4,0.8,4.0,0.0
1311.0,3185.0468661982395,2307.1610408752085,112.97960828046888,3.6122538960568638,0.4998999899979995,0.49,3.0,0.0
1312.0,4523.73042533012,3740.740639836422,0.0,0.0,0.41424630354415964,0.22,1.0,0.0
1313.0,1804.342427606752,2957.2317302155466,0.0,0.0,0.0,0.0,0.0,0.0
1314.0,53.06988689698275,37.2775606067778,0.0,0.0,0.0,0.0,0.0,0.0
1315.0,5990.632963334991,4300.882745973598,0.0,0.0,0.33630343441600474,0.13,2.0,0.0
1316.0,7406.362543314205,2666.7248617383634,0.0,0.0,0.0,0.0,0.0,0.0
1317.0,1829.67897375741,2217.554378335645,0.0,0.0,0.0,0.0,0.0,0.0
1318.0,10.179424875495396,4.643051433901569,0.0,0.0,0.0,0.0,0.0,0.0
1319.0,7.143711067207115,1.410667972271203,0.0,0.0,0.0,0.0,0.0,0.0
1320.0,444.4745029330775,974.6176197177292,0.0,0.0,0.0,0.0,0.0,0.0
1321.0,422.97234860104516,751.6299355788258,0.0,0.0,0.0,0.0,0.0,0.0
1322.0,10.501640591682019,4.32583887695248,0.0,0.0,0.0,0.0,0.0,0.0
1323.0,257.22495511204744,519.4484912048893,0.0,0.0,0.0,0.0,0.0,0.0
1324.0,65.11181512583917,147.46335986217193,0.0,0.0,0.0,0.0,0.0,0.0
1325.0,9.837655117454027,1.0933519321974938,0.0,0.0,0.0,0.0,0.0,0.0
1326.0,5565.763644792235,3889.9941719948665,124.1088421393574,3.5805235444335866,0.49183330509431744,0.59,5.0,0.0
1327.0,4162.621261971395,3067.2729558509636,115.60974966477268,3.698976132199638,0.4439594576084623,0.73,5.0,0.0
1328.0,4506.69913196223,3099.4125673055146,118.57434555999242,8.845620908469531,0.4828043081829324,0.37,3.0,0.0
1329.0,1211.5665852393315,2681.9328891756923,122.66702881434024,15.441025438132517,0.407308237088326,0.21,1.0,0.0
1330.0,3082.688931869652,3964.680997409135,0.0,0.0,0.4,0.2,1.0,0.0
1331.0,11.568272726234829,3.6424785498083585,0.0,0.0,0.0,0.0,0.0,0.0
1332.0,11.713027490347178,17.06001807522802,0.0,0.0,0.0,0.0,0.0,0.0
1333.0,2459.7023754618426,3993.4770232684186,0.0,0.0,0.4737087712930804,0.34,2.0,0.0
1334.0,3630.8694477513054,4547.649142944502,121.18242831453526,18.322004647840075,0.47696960070847283,0.35,0.0,0.0
1335.0,3131.943341309973,4728.7602971956185,124.81140553844719,11.663023070530542,0.4974937185533099,0.55,4.0,0.0
1336.0,13.144517183120529,8.922896422873773,0.0,0.0,0.0,0.0,0.0,0.0
1337.0,2517.750039559119,3446.977186888107,0.0,0.0,0.41424630354415964,0.22,1.0,0.0
1338.0,4926.748439329387,3912.189364809311,122.05219000550515,3.5459716068098457,0.47696960070847283,0.35,2.0,0.0
1339.0,14.61183815076046,12.734178790419726,0.0,0.0,0.0,0.0,0.0,0.0
1340.0,3430.8775451225247,4243.4029221099245,0.0,0.0,0.0,0.0,0.0,0.0
1341.0,756.3755640627095,1381.3769184520359,0.0,0.0,0.34698703145794946,0.14,0.0,0.0
1342.0,2233.815386388169,4357.630388950827,0.0,0.0,0.4537620521815371,0.29,1.0,0.0
1343.0,13.94321423946888,4.819396578966748,0.0,0.0,0.0,0.0,0.0,0.0
1344.0,2727.983869744272,3644.7385511625725,0.0,0.0,0.36660605559646725,0.16,1.0,0.0
1345.0,3257.017086515378,4376.145411733117,0.0,0.0,0.49989998999799956,0.49,2.0,0.0
1346.0,1944.9384446571805,2555.681522912313,0.0,0.0,0.4330127018922193,0.25,3.0,0.0
1347.0,9.682971702598278,1.4437429414692275,0.0,0.0,0.0,0.0,0.0,0.0
1348.0,3994.910855131626,4777.383484526507,0.0,0.0,0.49959983987187184,0.48,3.0,0.0
1349.0,2160.5005515291805,3102.9148528193596,0.0,0.0,0.0,0.0,0.0,0.0
1350.0,7.976512492657446,2.814605560343257,0.0,0.0,0.0,0.0,0.0,0.0
1351.0,6.403728550204013,0.007244356378334654,0.0,0.0,0.0,0.0,0.0,0.0
1352.0,6.4042334475834855,0.010653611930549988,0.0,0.0,0.0,0.0,0.0,0.0
1353.0,4068.106668108475,4533.764897115557,0.0,0.0,0.39230090491866065,0.19,2.0,0.0
1354.0,557.1032766243902,1131.8132291444815,0.0,0.0,0.384187454245971,0.18,1.0,0.0
1355.0,2236.5224705837127,3679.203735195221,0.0,0.0,0.3249615361854384,0.12,0.0,0.0
1356.0,332.0183223325525,847.2491209509816,0.0,0.0,0.34698703145794946,0.14,1.0,0.0
1357.0,3461.040313096526,2385.196612265826,0.0,0.0,0.4582575694955839,0.3,3.0,0.0
1358.0,792.5152065137787,1332.904619594074,0.0,0.0,0.37563279941985894,0.17,1.0,0.0
1359.0,3764.51192952382,4473.9462778491,0.0,0.0,0.0,0.0,0.0,0.0
1360.0,500.8820530957364,978.2814368340458,0.0,0.0,0.0,0.0,0.0,0.0
1361.0,2237.6310967115573,4067.950642929918,0.0,0.0,0.0,0.0,0.0,0.0
1362.0,579.0515710867976,1086.4188022348965,0.0,0.0,0.0,0.0,0.0,0.0
1363.0,4247.583477640777,3567.739926070649,0.0,0.0,0.4537620521815371,0.29,2.0,0.0
1364.0,97.38809683335757,128.70373756717655,0.0,0.0,0.41424630354415964,0.22,2.0,0.0
1365.0,8.174128768809572,1.970880954674401,0.0,0.0,0.0,0.0,0.0,0.0
1366.0,2477.602827388427,4613.625696861311,0.0,0.0,0.0,0.0,0.0,0.0
1367.0,6453.176325417455,3315.956940939369,0.0,0.0,0.0,0.0,0.0,0.0
1368.0,22.959289967367944,34.698318935642995,0.0,0.0,0.0,0.0,0.0,0.0
1369.0,2459.4346829532533,4414.453396137123,0.0,0.0,0.0,0.0,0.0,0.0
1370.0,5481.65932364689,3540.873015462856,0.0,0.0,0.3249615361854384,0.12,2.0,0.0
1371.0,552.1309120475146,1315.2318348029944,0.0,0.0,0.0,0.0,0.0,0.0
1372.0,5481.366103533538,3428.1828272122307,0.0,0.0,0.0,0.0,0.0,0.0
1373.0,18.136445701097998,22.360355494276703,0.0,0.0,0.0,0.0,0.0,0.0
1374.0,3240.354885638222,3498.7687791304943,0.0,0.0,0.0,0.0,0.0,0.0
1375.0,1734.1641586833125,1835.233269079282,0.0,0.0,0.0,0.0,0.0,0.0
1376.0,10.63959986261375,10.246552425788256,0.0,0.0,0.0,0.0,0.0,0.0
1377.0,3577.1352524290137,3155.946191705921,0.0,0.0,0.2712931993250107,0.08,1.0,0.0
1378.0,10.880876772816775,5.134118889146242,0.0,0.0,0.0,0.0,0.0,0.0
1379.0,1522.4854154300497,3017.8675486007796,0.0,0.0,0.0,0.0,0.0,0.0
1380.0,2789.1721548589107,3010.9521005477786,0.0,0.0,0.4,0.2,3.0,0.0
1381.0,6.402569953846661,0.006132713425009957,0.0,0.0,0.0,0.0,0.0,0.0
1382.0,3602.7643773732248,4939.70596638406,0.0,0.0,0.0,0.0,0.0,0.0
1383.0,92.96129226113828,160.98396062062372,0.0,0.0,0.0,0.0,0.0,0.0
1384.0,49.94269803495463,179.91865267758942,0.0,0.0,0.1705872210923198,0.03,0.0,0.0
1385.0,3715.502912299651,1926.7912847520458,0.0,0.0,0.0,0.0,0.0,0.0
1386.0,38.3426306041108,53.389173941990954,264.80307542983843,4.349796372185511,0.407308237088326,0.21,1.0,0.0
1387.0,164.99132137917638,664.3765222717803,0.0,0.0,0.0,0.0,0.0,0.0
1388.0,2417.6551315971356,2387.846558121658,0.0,0.0,0.0,0.0,0.0,0.0
1389.0,14.423777017319384,18.350273297975857,211.6431270332684,3.468061281575559,0.3,0.1,1.0,0.0
1390.0,564.245180477332,1162.4216267073662,0.0,0.0,0.0,0.0,0.0,0.0
1391.0,2351.121252656398,2358.284696595855,0.0,0.0,0.384187454245971,0.18,1.0,0.0
1392.0,18.490011411184067,33.968550677151136,0.0,0.0,0.0,0.0,0.0,0.0
1393.0,142.8711992630918,586.8935424118822,0.0,0.0,0.0,0.0,0.0,0.0
1394.0,3802.1059802350983,2414.7450833373455,0.0,0.0,0.0,0.0,0.0,0.0
1395.0,42.13967561197141,73.30420058275752,0.0,0.0,0.0,0.0,0.0,0.0
1396.0,15.778557763407724,37.31782346362784,0.0,0.0,0.0,0.0,0.0,0.0
1397.0,2736.420888406551,2321.2690294555764,0.0,0.0,0.0,0.0,0.0,0.0
1398.0,9.402013677129638,1.2910335258073444,0.0,0.0,0.0,0.0,0.0,0.0
1399.0,703.3525972391387,1396.7329603202595,0.0,0.0,0.0,0.0,0.0,0.0
1400.0,2268.4018986562396,2349.031422800674,0.0,0.0,0.0,0.0,0.0,0.0
1401.0,8.271414228600023,4.866343396322166,0.0,0.0,0.0,0.0,0.0,0.0
1402.0,6.405672896471032,0.011720656836087306,0.0,0.0,0.0,0.0,0.0,0.0
1403.0,3667.4367858990177,4872.211471068173,0.0,0.0,0.48280430818293246,0.37,1.0,0.0
1404.0,753.4915807266361,1324.5925125581837,0.0,0.0,0.0,0.0,0.0,0.0
1405.0,651.1377140537649,1003.994600833391,0.0,0.0,0.36660605559646725,0.16,0.0,0.0
1406.0,9.871286338895478,1.7249977583140133,0.0,0.0,0.0,0.0,0.0,0.0
1407.0,12.204595202675568,12.245997746411673,0.0,0.0,0.0,0.0,0.0,0.0
1408.0,1039.5603283328137,1026.8573541150613,0.0,0.0,0.3,0.1,2.0,0.0
1409.0,1262.560968555502,3012.476168558805,0.0,0.0,0.48,0.36,2.0,0.0
1410.0,10.326165298521682,1.506879714074776,0.0,0.0,0.0,0.0,0.0,0.0
1411.0,1833.503545661004,2381.1766337898325,0.0,0.0,0.3249615361854384,0.12,1.0,0.0
1412.0,5307.8261444827795,4486.504144333637,0.0,0.0,0.4963869458396343,0.56,3.0,0.0
1413.0,3720.340602388106,4655.686242756591,0.0,0.0,0.48,0.36,1.0,0.0
1414.0,3971.2495293365855,3454.720306342624,0.0,0.0,0.4828043081829324,0.63,4.0,0.0
1415.0,3671.979858304554,2951.3024100653015,0.0,0.0,0.4898979485566357,0.6,3.0,0.0
1416.0,1908.674200955822,2137.202976516934,137.11732606210754,11.680084866225107,0.485386443980464,0.38,0.0,0.0
1417.0,2167.43451167052,3908.664951996756,0.0,0.0,0.0,0.0,0.0,0.0
1418.0,15.761017195762458,15.799226097444894,0.0,0.0,0.0,0.0,0.0,0.0
1419.0,7.14428800940965,0.6546449188813068,0.0,0.0,0.0,0.0,0.0,0.0
1420.0,4617.676280849748,4103.20161717228,0.0,0.0,0.0,0.0,0.0,0.0
1421.0,8.057970319841404,0.6166657955096941,0.0,0.0,0.0,0.0,0.0,0.0
1422.0,2669.3464584842627,3385.0281669813385,0.0,0.0,0.0,0.0,0.0,0.0
1423.0,414.4689766167917,1034.3564308463763,0.0,0.0,0.0,0.0,0.0,0.0
1424.0,68.96721560015345,330.1175626235048,0.0,0.0,0.0,0.0,0.0,0.0
1425.0,4967.7161999322825,4612.296276448081,0.0,0.0,0.0,0.0,0.0,0.0
1426.0,12.768875029882592,6.349520626294774,0.0,0.0,0.0,0.0,0.0,0.0
1427.0,2360.6907853700122,4581.356133684133,0.0,0.0,0.0,0.0,0.0,0.0
1428.0,4889.506728552771,5242.4380893175985,0.0,0.0,0.3,0.1,0.0,0.0
1429.0,3061.8225301968773,4727.491486993287,0.0,0.0,0.4386342439892261,0.26,1.0,0.0
1430.0,2477.1564822971072,3956.520061123947,0.0,0.0,0.3,0.1,0.0,0.0
1431.0,629.3323326413976,1436.9085164291341,0.0,0.0,0.4,0.2,0.0,0.0
1432.0,869.2734613231468,2319.3005960216674,0.0,0.0,0.0,0.0,0.0,0.0
1433.0,3414.889507631886,4658.128457519449,0.0,0.0,0.3923009049186606,0.19,0.0,0.0
1434.0,9.136316283301888,1.9715999721430453,0.0,0.0,0.0,0.0,0.0,0.0
1435.0,3122.208569408428,3923.7343974343553,0.0,0.0,0.4,0.2,1.0,0.0
1436.0,3206.3182209378806,3303.3100006679174,0.0,0.0,0.3249615361854384,0.12,1.0,0.0
1437.0,6.559127026630507,0.5374260719271144,0.0,0.0,0.0,0.0,0.0,0.0
1438.0,4073.003678494933,3891.115175574113,0.0,0.0,0.0,0.0,0.0,0.0
1439.0,227.9356114159,371.1643978163364,97.984880265226,12.946850861819852,0.453762052181537,0.29,2.0,0.0
1440.0,8.903959301362821,1.2803548861847036,0.0,0.0,0.0,0.0,0.0,0.0
1441.0,6774.267159942323,4227.982516067852,0.0,0.0,0.0,0.0,0.0,0.0
1442.0,961.4104724477733,1757.5398953759588,0.0,0.0,0.0,0.0,0.0,0.0
1443.0,6.434654091924529,0.17988495951077674,0.0,0.0,0.0,0.0,0.0,0.0
1444.0,183.5339370097056,344.6934351557783,0.0,0.0,0.0,0.0,0.0,0.0
1445.0,14.778904537898251,11.103323539500593,0.0,0.0,0.0,0.0,0.0,0.0
1446.0,14.019471107573157,5.981843919250878,0.0,0.0,0.0,0.0,0.0,0.0
1447.0,198.77845574723767,390.99157262487705,0.0,0.0,0.3363034344160047,0.13,2.0,0.0
1448.0,34.363340477104906,44.93738974490106,0.0,0.0,0.0,0.0,0.0,0.0
1449.0,8.151424265986712,2.5961153136744177,0.0,0.0,0.0,0.0,0.0,0.0
1450.0,1263.1804738427015,1218.1610935117574,0.0,0.0,0.3,0.1,1.0,0.0
1451.0,306.40306463017396,565.9487416156948,94.56277498514311,2.82782088554183,0.3363034344160047,0.13,2.0,0.0
1452.0,761.2302993204853,2522.2629226059853,0.0,0.0,0.0,0.0,0.0,0.0
1453.0,5869.84022158638,4274.436870974686,0.0,0.0,0.4877499359302879,0.61,3.0,0.0
1454.0,4699.4043385544055,3512.231858727856,126.6778997783991,3.313103895005607,0.4898979485566356,0.6,4.0,0.0
1455.0,2806.039160899648,3892.2986883809854,0.0,0.0,0.48989794855663565,0.4,2.0,0.0
1456.0,2800.2322534376895,2770.564551164047,112.93757581643617,1.6018974834618063,0.36660605559646725,0.16,1.0,0.0
1457.0,312.87272256263174,532.1136421593314,121.47017443059542,29.02700423810688,0.4877499359302879,0.39,1.0,0.0
1458.0,3027.7039950561825,3749.564069147352,0.0,0.0,0.0,0.0,0.0,0.0
1459.0,496.0153303184075,892.3650127264061,0.0,0.0,0.0,0.0,0.0,0.0
1460.0,7.594425868917585,0.38575277602145397,0.0,0.0,0.0,0.0,0.0,0.0
1461.0,415.8463578621097,536.7849383684281,0.0,0.0,0.4,0.2,2.0,0.0
1462.0,17.49601703952706,29.77783927836287,0.0,0.0,0.0,0.0,0.0,0.0
1463.0,8.864325739863459,1.1564261790451937,0.0,0.0,0.0,0.0,0.0,0.0
1464.0,748.3259940973227,1567.5050085810474,0.0,0.0,0.3249615361854384,0.12,2.0,0.0
1465.0,1303.4819074371183,2690.4784802498284,0.0,0.0,0.0,0.0,0.0,0.0
1466.0,47.64250659940815,157.9750252753494,0.0,0.0,0.0,0.0,0.0,0.0
1467.0,3316.069754503077,3636.680834592594,0.0,0.0,0.3249615361854384,0.12,0.0,0.0
1468.0,8.1331928711455,2.8292970396010824,0.0,0.0,0.0,0.0,0.0,0.0
1469.0,6.40415665350654,0.009523756695326296,0.0,0.0,0.0,0.0,0.0,0.0
1470.0,2429.3398461249953,3126.7158974312524,0.0,0.0,0.4439594576084623,0.27,2.0,0.0
1471.0,5814.091338804473,3635.5206064356526,123.51561810257103,4.331590464915493,0.4,0.8,4.0,0.0
1472.0,3133.6677276190817,2349.9914596140993,115.16618629228724,1.2777736877470545,0.4974937185533099,0.55,3.0,0.0
1473.0,4128.354019819704,3171.3751967941776,0.0,0.0,0.0,0.0,0.0,0.0
1474.0,38.3975503002421,61.5480402083238,144.15309319853134,1.8743412816869935,0.41424630354415964,0.22,0.0,0.0
1475.0,1771.4277995188868,2534.1496113573817,0.0,0.0,0.46647615158762396,0.32,1.0,0.0
1476.0,1500.6136120162375,3780.6565816386883,0.0,0.0,0.0,0.0,0.0,0.0
1477.0,2484.606189471627,3874.2746400272054,0.0,0.0,0.384187454245971,0.18,1.0,0.0
1478.0,251.70357928122064,836.8884617799805,147.42953126337002,12.175712788303015,0.4208325082500164,0.23,0.0,0.0
1479.0,3342.2371954297414,4463.95353250895,0.0,0.0,0.3923009049186606,0.19,0.0,0.0
1480.0,9.464020398687914,1.3563441782829284,0.0,0.0,0.0,0.0,0.0,0.0
1481.0,510.00181803453677,963.1573358901314,119.57335235478415,4.756912567059057,0.31288975694324034,0.11,2.0,0.0
1482.0,8.68409015970411,0.7819657154934444,0.0,0.0,0.0,0.0,0.0,0.0
1483.0,800.5852650232156,1169.9971568104713,0.0,0.0,0.384187454245971,0.18,0.0,0.0
1484.0,10.167623988516484,7.231236300322447,0.0,0.0,0.0,0.0,0.0,0.0
1485.0,20.077907706503307,55.32259864831625,0.0,0.0,0.0,0.0,0.0,0.0
1486.0,941.1949071736282,1200.48223962935,0.0,0.0,0.3,0.1,1.0,0.0
1487.0,8.705445961279153,3.586938075183266,0.0,0.0,0.0,0.0,0.0,0.0
1488.0,694.7260246134812,1128.9107198204322,0.0,0.0,0.0,0.0,0.0,0.0
1489.0,166.80404391318322,473.5826189430897,0.0,0.0,0.0,0.0,0.0,0.0
1490.0,9.510353517391689,1.9472468913377605,0.0,0.0,0.0,0.0,0.0,0.0
1491.0,1512.7348914935333,1969.3537181349657,0.0,0.0,0.0,0.0,0.0,0.0
1492.0,76.84220152290862,159.46218983808637,0.0,0.0,0.0,0.0,0.0,0.0
1493.0,1651.519838348885,3853.709132507602,0.0,0.0,0.0,0.0,0.0,0.0
1494.0,5366.005185410554,4195.974542197618,0.0,0.0,0.31288975694324034,0.11,1.0,0.0
1495.0,9.249692246334336,5.134656649340641,0.0,0.0,0.0,0.0,0.0,0.0
1496.0,6.405367910849162,0.008737612743400097,0.0,0.0,0.0,0.0,0.0,0.0
1497.0,1605.768462215684,1704.9116901169755,0.0,0.0,0.3363034344160047,0.13,2.0,0.0
1498.0,246.22307477492498,681.6918714952287,0.0,0.0,0.0,0.0,0.0,0.0
1499.0,9.03451364507568,0.8386728997602113,0.0,0.0,0.0,0.0,0.0,0.0
1500.0,3952.4406077813496,3427.498062262024,0.0,0.0,0.0,0.0,0.0,0.0
1501.0,49.25054187500353,119.40259757599239,142.6024530383434,8.844473854355455,0.34698703145794946,0.14,0.0,0.0
1502.0,2417.514219111655,3563.413457727079,0.0,0.0,0.0,0.0,0.0,0.0
1503.0,1114.5153186228679,1622.3412822237,0.0,0.0,0.0,0.0,0.0,0.0
1504.0,9.459569104332356,1.4201564537300309,0.0,0.0,0.0,0.0,0.0,0.0
1505.0,20.31463855129442,27.066958119120557,0.0,0.0,0.0,0.0,0.0,0.0
1506.0,308.08825989525974,394.4205452641101,0.0,0.0,0.0,0.0,0.0,0.0
1507.0,8.434549327629881,0.7400607754450054,0.0,0.0,0.0,0.0,0.0,0.0
1508.0,488.14048051045125,882.5955202040619,0.0,0.0,0.0,0.0,0.0,0.0
1509.0,217.4817905542108,450.9067251416818,0.0,0.0,0.0,0.0,0.0,0.0
1510.0,10.797757444390989,3.33017694045048,0.0,0.0,0.0,0.0,0.0,0.0
1511.0,71.64767040460444,239.93525028211118,0.0,0.0,0.0,0.0,0.0,0.0
1512.0,1148.5543476431321,1732.3100353630825,96.82381261803498,3.4316880768603255,0.4208325082500164,0.23,2.0,0.0
1513.0,52.97243291883916,80.91235023947725,138.5742148257025,1.6583252753638524,0.3570714214271425,0.15,0.0,0.0
1514.0,570.2585503738744,1354.791898987471,0.0,0.0,0.384187454245971,0.18,1.0,0.0
1515.0,3769.967731383718,4812.624852304376,0.0,0.0,0.31288975694324034,0.11,2.0,0.0
1516.0,2234.6224715531384,3278.085652002773,138.759260522306,7.9862606452022336,0.4950757517794625,0.43,2.0,0.0
1517.0,2196.1476331449867,3310.077595237222,0.0,0.0,0.0,0.0,0.0,0.0
1518.0,1652.2179707873888,2089.1873289802706,0.0,0.0,0.34698703145794946,0.14,3.0,0.0
1519.0,8.763330806441235,1.0405220536527855,0.0,0.0,0.0,0.0,0.0,0.0
1520.0,12.187817640273517,15.439788085522062,0.0,0.0,0.0,0.0,0.0,0.0
1521.0,2235.459959987657,2247.3326218198727,0.0,0.0,0.0,0.0,0.0,0.0
1522.0,888.9412253086235,1673.8787017430866,136.54333318669876,11.530139166059943,0.44395945760846234,0.27,0.0,0.0
1523.0,628.6956660782914,1098.727211249282,0.0,0.0,0.32496153618543844,0.12,1.0,0.0
1524.0,3415.1372208264033,4552.006940374366,0.0,0.0,0.44395945760846234,0.27,1.0,0.0
1525.0,1212.9494060583283,2837.3675398629716,0.0,0.0,0.41424630354415964,0.22,0.0,0.0
1526.0,3337.644984893293,3215.197772361676,0.0,0.0,0.0,0.0,0.0,0.0
1527.0,34.00349878480219,85.93033574063305,145.18904403409874,4.907782407747079,0.3363034344160047,0.13,0.0,0.0
1528.0,1429.1749711157768,2744.2874482362195,0.0,0.0,0.384187454245971,0.18,0.0,0.0
1529.0,1740.5103806724417,2263.1033359770454,0.0,0.0,0.0,0.0,0.0,0.0
1530.0,1211.4151907917058,2854.1107162123835,0.0,0.0,0.0,0.0,0.0,0.0
1531.0,3048.7503381150073,3176.533753650477,0.0,0.0,0.3570714214271425,0.15,2.0,0.0
1532.0,7.547475782930715,0.778515001666176,0.0,0.0,0.0,0.0,0.0,0.0
1533.0,164.38940169839404,497.037868197575,0.0,0.0,0.0,0.0,0.0,0.0
1534.0,319.15526781091177,679.6672938641323,0.0,0.0,0.45825756949558394,0.3,2.0,0.0
1535.0,8.560045101036648,0.990447910249554,0.0,0.0,0.0,0.0,0.0,0.0
1536.0,5182.37650282969,3935.8213624256964,0.0,0.0,0.49909918853871116,0.53,4.0,0.0
1537.0,4316.845394056448,3299.0738319889892,122.73169607733251,3.1857348521787525,0.4877499359302879,0.61,3.0,0.0
1538.0,3164.411845236506,2783.2653575786953,0.0,0.0,0.4990991885387111,0.53,3.0,0.0
1539.0,5177.606135747909,3521.1685965833176,0.0,0.0,0.31288975694324034,0.11,1.0,0.0
1540.0,326.7513503606936,566.7067255187934,0.0,0.0,0.0,0.0,0.0,0.0
1541.0,4670.327976107066,4626.941406675167,0.0,0.0,0.0,0.0,0.0,0.0
1542.0,3756.566749906608,4563.95603265688,0.0,0.0,0.4330127018922193,0.25,1.0,0.0
1543.0,538.0229349854085,1871.084437759115,0.0,0.0,0.0,0.0,0.0,0.0
1544.0,1747.7066832179178,2539.192443970274,0.0,0.0,0.3,0.1,1.0,0.0
1545.0,9.709546064317019,2.0611664730688575,0.0,0.0,0.0,0.0,0.0,0.0
1546.0,5077.220816778082,4387.2960953610345,0.0,0.0,0.0,0.0,0.0,0.0
1547.0,507.43008395889746,882.4453181331392,0.0,0.0,0.0,0.0,0.0,0.0
1548.0,12.290108054820653,3.092505987530883,0.0,0.0,0.0,0.0,0.0,0.0
1549.0,7136.746895529308,3703.8615972969387,0.0,0.0,0.0,0.0,0.0,0.0
1550.0,849.9292640702541,1534.0678170625933,0.0,0.0,0.384187454245971,0.18,1.0,0.0
1551.0,6.399887343423142,0.008348826953973982,0.0,0.0,0.0,0.0,0.0,0.0
1552.0,2764.9505245991436,3434.8567429205905,0.0,0.0,0.36660605559646725,0.16,1.0,0.0
1553.0,9.150202247404724,1.346226287757374,0.0,0.0,0.0,0.0,0.0,0.0
1554.0,672.7762019497159,1526.7333871521603,0.0,0.0,0.0,0.0,0.0,0.0
1555.0,2756.4328687274865,3213.3024357289,0.0,0.0,0.34698703145794946,0.14,1.0,0.0
1556.0,6.405141046773646,0.00933545644260006,0.0,0.0,0.0,0.0,0.0,0.0
1557.0,1906.178843257611,2131.7447140696972,0.0,0.0,0.0,0.0,0.0,0.0
1558.0,885.3022847937094,1087.788839510882,0.0,0.0,0.39230090491866065,0.19,1.0,0.0
1559.0,9.348110897302279,1.3495452102992784,0.0,0.0,0.0,0.0,0.0,0.0
1560.0,3101.484021960653,3099.871129941283,0.0,0.0,0.34698703145794946,0.14,2.0,0.0
1561.0,1731.041766354606,2079.9523831265014,0.0,0.0,0.41424630354415964,0.22,2.0,0.0
1562.0,53.13378076999573,202.1836317473131,0.0,0.0,0.0,0.0,0.0,0.0
1563.0,2598.262693511395,2270.5659838568768,0.0,0.0,0.0,0.0,0.0,0.0
1564.0,9.868501429242235,2.6785650476385605,0.0,0.0,0.0,0.0,0.0,0.0
1565.0,1374.399199073472,2109.8356761780315,0.0,0.0,0.4769696007084728,0.35,1.0,0.0
1566.0,2287.677032919027,3558.0535340975307,0.0,0.0,0.0,0.0,0.0,0.0
1567.0,6.402907647158403,0.009678399018495367,0.0,0.0,0.0,0.0,0.0,0.0
1568.0,5443.267129464948,4590.566657139914,0.0,0.0,0.3363034344160047,0.13,1.0,0.0
1569.0,1775.8051822857801,3736.9660953743287,0.0,0.0,0.41424630354415964,0.22,0.0,0.0
1570.0,9.677908326680424,1.9686193425869236,0.0,0.0,0.0,0.0,0.0,0.0
1571.0,5987.862074066006,4876.2537746373655,0.0,0.0,0.4386342439892262,0.26,3.0,0.0
1572.0,1005.5230199903062,1947.9335618705866,0.0,0.0,0.0,0.0,0.0,0.0
1573.0,4238.961238256863,4698.43068382401,0.0,0.0,0.33630343441600474,0.13,3.0,0.0
1574.0,1519.8375614636843,2084.426800807107,0.0,0.0,0.36660605559646725,0.16,0.0,0.0
1575.0,8.133243939630436,0.9383613679264724,0.0,0.0,0.0,0.0,0.0,0.0
1576.0,4013.81043845059,4255.763799970503,0.0,0.0,0.0,0.0,0.0,0.0
1577.0,58.485092197708234,140.80855975395056,0.0,0.0,0.0,0.0,0.0,0.0
1578.0,733.1421735194875,2209.445110680734,0.0,0.0,0.0,0.0,0.0,0.0
1579.0,4637.762047071321,3828.9517389887123,0.0,0.0,0.0,0.0,0.0,0.0
1580.0,11.639576544941429,6.492370041157155,0.0,0.0,0.0,0.0,0.0,0.0
1581.0,6.401334636635333,0.008417652248103117,0.0,0.0,0.0,0.0,0.0,0.0
1582.0,1060.3294130866964,1039.7695828051035,111.37996497161531,15.991813512622512,0.46647615158762396,0.32,4.0,0.0
1583.0,38.69793043503037,88.83606672724123,141.20026626192697,3.635626127489518,0.31288975694324034,0.11,0.0,0.0
1584.0,4608.907972248806,4515.5745334741305,0.0,0.0,0.41424630354415964,0.22,3.0,0.0
1585.0,514.1112628765035,1122.9787107732393,0.0,0.0,0.3570714214271425,0.15,0.0,0.0
1586.0,6.406511366660146,0.007892460322099466,0.0,0.0,0.0,0.0,0.0,0.0
1587.0,603.860898096132,864.8006061406489,0.0,0.0,0.33630343441600474,0.13,1.0,0.0
1588.0,25.77948712249994,13.318702653117336,0.0,0.0,0.0,0.0,0.0,0.0
1589.0,224.115306399714,536.3701233100451,0.0,0.0,0.0,0.0,0.0,0.0
1590.0,100.38181091231732,533.2801318773076,0.0,0.0,0.23748684174075832,0.06,0.0,0.0
1591.0,7994.734821213879,2622.154838014653,0.0,0.0,0.0,0.0,0.0,0.0
1592.0,176.58716744738197,343.95223304676654,0.0,0.0,0.3249615361854384,0.12,1.0,0.0
1593.0,8.976980568993987,1.4997535057570504,0.0,0.0,0.0,0.0,0.0,0.0
1594.0,3853.0479892785083,3615.6367355219063,0.0,0.0,0.45825756949558394,0.3,4.0,0.0
1595.0,5149.951575734069,4386.336291059999,0.0,0.0,0.4,0.2,1.0,0.0
1596.0,36.88012410028493,86.79331295623078,0.0,0.0,0.0,0.0,0.0,0.0
1597.0,4424.673968505747,4532.304003937557,0.0,0.0,0.3570714214271425,0.15,0.0,0.0
1598.0,1884.460380693915,2627.503357443799,0.0,0.0,0.0,0.0,0.0,0.0
1599.0,8.548612660037456,1.087133128433498,0.0,0.0,0.0,0.0,0.0,0.0
1600.0,145.3720858459278,350.79241318710626,0.0,0.0,0.3,0.1,2.0,0.0
1601.0,2281.6087230427047,1594.1477511771882,0.0,0.0,0.0,0.0,0.0,0.0
1602.0,3594.50770169942,2804.3317021500857,0.0,0.0,0.0,0.0,0.0,0.0
1603.0,9.75785726303117,1.2899820317736497,0.0,0.0,0.0,0.0,0.0,0.0
1604.0,3434.4879653186567,2955.577232489784,0.0,0.0,0.0,0.0,0.0,0.0
1605.0,1775.1115028823117,2115.1969465845254,119.79030970955401,29.052693043970567,0.41424630354415964,0.22,1.0,0.0
1606.0,8.824683001856659,2.1312047328987527,0.0,0.0,0.0,0.0,0.0,0.0
1607.0,5672.032790417726,3904.127248819305,0.0,0.0,0.31288975694324034,0.11,1.0,0.0
1608.0,1382.906327352848,2071.6854035808237,0.0,0.0,0.0,0.0,0.0,0.0
1609.0,28.31573291802185,84.90306808871874,0.0,0.0,0.0,0.0,0.0,0.0
1610.0,6984.903489204065,3154.2957935722065,0.0,0.0,0.0,0.0,0.0,0.0
1611.0,1022.5478837007853,1103.990560404981,0.0,0.0,0.3249615361854384,0.12,2.0,0.0
1612.0,1155.5138842613192,2821.8804905700886,0.0,0.0,0.0,0.0,0.0,0.0
1613.0,4639.1387691657155,4043.590278984779,0.0,0.0,0.3,0.1,2.0,0.0
1614.0,151.58679463765367,406.08163449186895,0.0,0.0,0.0,0.0,0.0,0.0
1615.0,6278.059813232381,4907.511757285854,0.0,0.0,0.0,0.0,0.0,0.0
1616.0,3567.723860494658,4631.364897804681,0.0,0.0,0.3363034344160047,0.13,0.0,0.0
1617.0,1729.5663958182593,4259.357931394273,0.0,0.0,0.0,0.0,0.0,0.0
1618.0,6315.143951886968,3121.2110425338706,0.0,0.0,0.0,0.0,0.0,0.0
1619.0,605.6131804835701,1350.9351337413561,0.0,0.0,0.0,0.0,0.0,0.0
1620.0,34.93655223348322,103.59386663512466,0.0,0.0,0.0,0.0,0.0,0.0
1621.0,3907.483848695225,4250.243617492654,0.0,0.0,0.0,0.0,0.0,0.0
1622.0,128.92898902323202,209.95955722055484,188.44685521818815,73.7735849947205,0.31288975694324034,0.11,1.0,0.0
1623.0,2149.1166073364448,3235.6053149047348,0.0,0.0,0.0,0.0,0.0,0.0
1624.0,1704.9161568627676,1531.0135605110345,0.0,0.0,0.31288975694324034,0.11,1.0,0.0
1625.0,12.084826781364402,10.569078545043512,0.0,0.0,0.0,0.0,0.0,0.0
1626.0,3746.2505470091523,4123.208192816834,0.0,0.0,0.36660605559646725,0.16,0.0,0.0
1627.0,4050.733597048051,3881.267064018915,0.0,0.0,0.0,0.0,0.0,0.0
1628.0,8.068784730696974,1.8222404883417762,0.0,0.0,0.0,0.0,0.0,0.0
1629.0,1604.5367195732629,2334.73133678703,0.0,0.0,0.0,0.0,0.0,0.0
1630.0,1622.430074613839,3286.935464942131,0.0,0.0,0.0,0.0,0.0,0.0
1631.0,737.0367471284143,1814.967591145578,0.0,0.0,0.3,0.1,0.0,0.0
1632.0,682.2038243805821,1403.7054388154115,0.0,0.0,0.36660605559646725,0.16,0.0,0.0
1633.0,343.19485787615486,522.6953237650936,126.85550811229318,29.945890180450547,0.453762052181537,0.29,2.0,0.0
1634.0,11.001556564911168,4.331978364135082,0.0,0.0,0.0,0.0,0.0,0.0
1635.0,3451.491170344411,2949.0291872461257,0.0,0.0,0.0,0.0,0.0,0.0
1636.0,4532.559446100988,3494.6945319016436,0.0,0.0,0.0,0.0,0.0,0.0
1637.0,9.920797758048424,3.893991159050806,0.0,0.0,0.0,0.0,0.0,0.0
1638.0,3706.7288332395638,4204.175986575098,0.0,0.0,0.4386342439892262,0.26,0.0,0.0
1639.0,734.3007407754089,965.0422764209842,0.0,0.0,0.0,0.0,0.0,0.0
1640.0,20.942174089696568,20.617721552088323,0.0,0.0,0.0,0.0,0.0,0.0
1641.0,5682.906848669664,4071.422001593193,0.0,0.0,0.4,0.2,3.0,0.0
1642.0,11.608400254032171,9.26201479993786,0.0,0.0,0.0,0.0,0.0,0.0
1643.0,20.13579383876172,71.00026198856027,0.0,0.0,0.0,0.0,0.0,0.0
1644.0,3718.9905075388606,2972.2387811349595,0.0,0.0,0.0,0.0,0.0,0.0
1645.0,33.361284500901704,77.05675302010654,0.0,0.0,0.0,0.0,0.0,0.0
1646.0,10.577919960228293,15.894325604518365,0.0,0.0,0.0,0.0,0.0,0.0
1647.0,5553.9354570478745,2779.778985403172,0.0,0.0,0.0,0.0,0.0,0.0
1648.0,3779.2462589051247,3581.6073700211746,0.0,0.0,0.0,0.0,0.0,0.0
1649.0,33.448468492761855,76.8350797586404,144.56938371275584,1.4780598263278066,0.3249615361854384,0.12,0.0,0.0
1650.0,490.11957915464956,874.6066320985767,0.0,0.0,0.3249615361854384,0.12,1.0,0.0
1651.0,1570.594244032571,1347.2031876318306,0.0,0.0,0.0,0.0,0.0,0.0
1652.0,96.39494597453137,179.47324568072273,118.77960920752945,18.099229361859955,0.4,0.2,1.0,0.0
1653.0,474.4628820862066,846.0544715311203,0.0,0.0,0.3,0.1,2.0,0.0
1654.0,4715.409926363976,3114.5413710067905,0.0,0.0,0.0,0.0,0.0,0.0
1655.0,192.84155205382518,366.60420738542933,0.0,0.0,0.4330127018922193,0.25,1.0,0.0
1656.0,2614.00761623661,4116.31619889691,0.0,0.0,0.36660605559646725,0.16,1.0,0.0
1657.0,1315.8254377862927,1428.1983907851286,0.0,0.0,0.0,0.0,0.0,0.0
1658.0,9.186884483106379,0.9222095207734889,0.0,0.0,0.0,0.0,0.0,0.0
1659.0,681.4102539702413,743.5299833107753,0.0,0.0,0.33630343441600474,0.13,0.0,0.0
1660.0,1282.214661923705,1134.0670245141498,0.0,0.0,0.3249615361854384,0.12,1.0,0.0
1661.0,7.099582472922787,2.2377152142576997,0.0,0.0,0.0,0.0,0.0,0.0
1662.0,6.404974748959086,0.011336156227020295,0.0,0.0,0.0,0.0,0.0,0.0
1663.0,2936.2810248089017,4960.25885728351,0.0,0.0,0.0,0.0,0.0,0.0
1664.0,9579.22582827445,2345.6645211684986,0.0,0.0,0.0,0.0,0.0,0.0
1665.0,4494.965617131757,2459.452279978045,0.0,0.0,0.0,0.0,0.0,0.0
1666.0,19.772732822938657,15.826156372245288,0.0,0.0,0.0,0.0,0.0,0.0
1667.0,8.690509214972984,0.8753145263698472,0.0,0.0,0.0,0.0,0.0,0.0
1668.0,828.3590427912978,1474.4870464003839,0.0,0.0,0.0,0.0,0.0,0.0
1669.0,957.2460097707894,1467.632826728962,0.0,0.0,0.4,0.2,1.0,0.0
1670.0,10.466246456240512,4.883499526053349,0.0,0.0,0.0,0.0,0.0,0.0
1671.0,7.798227226054914,1.3890192473852763,0.0,0.0,0.0,0.0,0.0,0.0
1672.0,487.37845773560747,1161.4503847754684,0.0,0.0,0.3469870314579494,0.14,1.0,0.0
1673.0,417.21683491310773,578.3191759563041,0.0,0.0,0.3363034344160047,0.13,1.0,0.0
1674.0,10.149986666489244,4.861886036082687,0.0,0.0,0.0,0.0,0.0,0.0
1675.0,210.0546120530171,342.9280791145697,0.0,0.0,0.4208325082500164,0.23,1.0,0.0
1676.0,6.513742612257365,0.37348477745252984,0.0,0.0,0.0,0.0,0.0,0.0
1677.0,1053.498779423681,771.9122280747771,0.0,0.0,0.21794494717703367,0.05,1.0,0.0
1678.0,14.626072061472769,18.117927515006784,0.0,0.0,0.0,0.0,0.0,0.0
1679.0,9.981583597722384,1.938524589968454,0.0,0.0,0.0,0.0,0.0,0.0
1680.0,6.665871701422934,0.7372520476746389,0.0,0.0,0.0,0.0,0.0,0.0
1681.0,2580.47340015748,3148.0188486372485,103.76785729133599,15.623990727450712,0.34698703145794946,0.14,1.0,0.0
1682.0,577.4664651264527,731.1910535807056,0.0,0.0,0.4208325082500163,0.23,4.0,0.0
1683.0,10.86422134908937,1.2634958525349496,0.0,0.0,0.0,0.0,0.0,0.0
1684.0,2139.0218024084497,1175.8789133079338,0.0,0.0,0.0,0.0,0.0,0.0
1685.0,112.67362484348267,253.66965114445867,0.0,0.0,0.0,0.0,0.0,0.0
1686.0,6.401416939622451,0.007914012224030717,0.0,0.0,0.0,0.0,0.0,0.0
1687.0,979.8442208866009,1830.529391911704,0.0,0.0,0.0,0.0,0.0,0.0
1688.0,2777.245212554861,1939.089783843647,0.0,0.0,0.0,0.0,0.0,0.0
1689.0,19.555457209907296,30.531476126109027,0.0,0.0,0.0,0.0,0.0,0.0
1690.0,18.447465737145368,28.724142253402782,0.0,0.0,0.0,0.0,0.0,0.0
1691.0,724.3068962608928,689.8566417047551,0.0,0.0,0.0,0.0,0.0,0.0
1692.0,6.405973043728576,0.009206499100015843,0.0,0.0,0.0,0.0,0.0,0.0
1693.0,6.401459057384873,0.00995743485598981,0.0,0.0,0.0,0.0,0.0,0.0
1694.0,5058.719210237979,2640.2850936446403,0.0,0.0,0.0,0.0,0.0,0.0
1695.0,157.49093297811993,375.57230369664353,0.0,0.0,0.3,0.1,1.0,0.0
1696.0,8.541162916002959,0.4505001059285145,0.0,0.0,0.0,0.0,0.0,0.0
1697.0,4833.493689918005,4017.476532907138,0.0,0.0,0.0,0.0,0.0,0.0
1698.0,8.16218706237062,3.2978054154982908,0.0,0.0,0.0,0.0,0.0,0.0
1699.0,365.12971777344455,1450.0705991395823,0.0,0.0,0.0,0.0,0.0,0.0
1700.0,2906.935783228751,4595.03925474606,0.0,0.0,0.36660605559646725,0.16,1.0,0.0
1701.0,1150.7109379553938,2242.7756978361417,0.0,0.0,0.4208325082500164,0.23,0.0,0.0
1702.0,547.7848739474081,1556.2759840023011,0.0,0.0,0.0,0.0,0.0,0.0
1703.0,3094.9720099507517,4125.429239887921,0.0,0.0,0.4,0.2,0.0,0.0
1704.0,818.1568774747732,2693.6890391194956,0.0,0.0,0.0,0.0,0.0,0.0
1705.0,3655.290798775293,2203.8617551915177,0.0,0.0,0.0,0.0,0.0,0.0
1706.0,860.0884094643577,1275.8615319676067,0.0,0.0,0.0,0.0,0.0,0.0
1707.0,8.16231805393676,0.6702003381514963,0.0,0.0,0.0,0.0,0.0,0.0
1708.0,66.88217158629271,158.20837746666558,0.0,0.0,0.0,0.0,0.0,0.0
1709.0,1551.9704484528093,2976.747733733522,0.0,0.0,0.3570714214271425,0.15,1.0,0.0
1710.0,6196.410272906126,4072.3840074938907,126.33602054923985,5.886077701421622,0.33630343441600474,0.87,4.0,0.0
1711.0,3680.8033665312337,3129.0677573735843,116.17315356236314,2.599766804150859,0.4983974317750845,0.46,2.0,0.0
1712.0,4557.601176966854,3210.0410191982364,111.64371352679132,1.7295294702941442,0.4950757517794625,0.57,4.0,0.0
1713.0,2075.0249206675044,3314.486513076867,0.0,0.0,0.0,0.0,0.0,0.0
1714.0,1360.5010866575117,2638.0292358457305,0.0,0.0,0.3469870314579494,0.14,0.0,0.0
1715.0,2012.1063316692491,2227.0541744882926,0.0,0.0,0.0,0.0,0.0,0.0
1716.0,11.051568216173683,9.545373509738544,0.0,0.0,0.0,0.0,0.0,0.0
1717.0,8.432573716558828,1.0052010820728472,0.0,0.0,0.0,0.0,0.0,0.0
1718.0,3226.5830867292652,3579.753977846092,0.0,0.0,0.0,0.0,0.0,0.0
1719.0,462.67211509923874,591.9945698406607,0.0,0.0,0.3923009049186606,0.19,2.0,0.0
1720.0,623.0058083983083,1972.5489879307866,0.0,0.0,0.0,0.0,0.0,0.0
1721.0,6044.70062808773,4174.752526060282,0.0,0.0,0.3,0.1,2.0,0.0
1722.0,1422.689458064085,3410.6985915832693,0.0,0.0,0.0,0.0,0.0,0.0
1723.0,5078.173765350452,4118.095340627017,0.0,0.0,0.0,0.0,0.0,0.0
1724.0,1415.8842540221904,3058.6137154083217,0.0,0.0,0.0,0.0,0.0,0.0
1725.0,4590.212458262054,4093.2212676230847,0.0,0.0,0.0,0.0,0.0,0.0
1726.0,82.69575194298444,203.34312638431817,146.80444381356787,5.379479412730493,0.34698703145794946,0.14,0.0,0.0
1727.0,351.86684150918995,1178.314321092735,0.0,0.0,0.0,0.0,0.0,0.0
1728.0,4875.1153049698305,2923.5938458033797,0.0,0.0,0.0,0.0,0.0,0.0
1729.0,21.333627099198885,34.84469352949489,0.0,0.0,0.0,0.0,0.0,0.0
1730.0,11.37105946912816,3.4145382289281,0.0,0.0,0.0,0.0,0.0,0.0
1731.0,21.01036813244418,80.16184914771756,0.0,0.0,0.0,0.0,0.0,0.0
1732.0,3093.276332138106,2958.6488565188724,0.0,0.0,0.0,0.0,0.0,0.0
1733.0,9.939446903767685,1.8624646726171508,0.0,0.0,0.0,0.0,0.0,0.0
1734.0,8.42232974395917,0.8084841258465405,0.0,0.0,0.0,0.0,0.0,0.0
1735.0,3193.3387974734082,2175.556954155408,0.0,0.0,0.3249615361854384,0.12,2.0,0.0
1736.0,283.0779279652,674.4220434179886,0.0,0.0,0.31288975694324034,0.11,1.0,0.0
1737.0,8.452943484507186,0.6158709242784658,0.0,0.0,0.0,0.0,0.0,0.0
1738.0,4422.682596533482,4446.8597890901865,0.0,0.0,0.0,0.0,0.0,0.0
1739.0,914.3708789126244,1416.1970966189187,0.0,0.0,0.0,0.0,0.0,0.0
1740.0,9.305066818925413,1.3947058902188458,0.0,0.0,0.0,0.0,0.0,0.0
1741.0,3747.339088193202,3935.648784585631,0.0,0.0,0.31288975694324034,0.11,2.0,0.0
1742.0,3633.348447491189,4145.622890590025,0.0,0.0,0.45825756949558394,0.3,2.0,0.0
1743.0,1507.5303224067302,3644.559553634729,0.0,0.0,0.0,0.0,0.0,0.0
1744.0,1623.9597423855805,3458.5485434037732,0.0,0.0,0.0,0.0,0.0,0.0
1745.0,5018.236586019743,4250.573357543245,0.0,0.0,0.0,0.0,0.0,0.0
1746.0,2952.74025258376,3169.8093875594022,0.0,0.0,0.384187454245971,0.18,2.0,0.0
1747.0,8.789270361547768,1.3168979959482991,0.0,0.0,0.0,0.0,0.0,0.0
1748.0,732.6925810564848,924.8787193350543,0.0,0.0,0.0,0.0,0.0,0.0
1749.0,3766.3078023785906,3655.4026000808644,0.0,0.0,0.49355850717012273,0.42,3.0,0.0
1750.0,2880.860954396318,2230.3894185267754,117.67597170263184,2.8530651796475506,0.4898979485566356,0.6,4.0,0.0
1751.0,3243.4426038282945,3004.3827760021904,0.0,0.0,0.49959983987187184,0.48,3.0,0.0
1752.0,2127.054466268317,2600.0565188595156,0.0,0.0,0.0,0.0,0.0,0.0
1753.0,16.348182737099357,8.448735679049951,0.0,0.0,0.0,0.0,0.0,0.0
1754.0,5062.69885779424,5686.2931893911045,0.0,0.0,0.4439594576084623,0.27,2.0,0.0
1755.0,8459.148605638722,2478.866672794085,0.0,0.0,0.0,0.0,0.0,0.0
1756.0,1829.91234525983,2184.475245385823,0.0,0.0,0.31288975694324034,0.11,1.0,0.0
1757.0,6.475296667871416,0.3543133216749923,0.0,0.0,0.0,0.0,0.0,0.0
1758.0,5007.642058456413,3523.78548807073,0.0,0.0,0.3249615361854384,0.12,1.0,0.0
1759.0,183.1811920130505,338.32102563622254,0.0,0.0,0.3,0.1,1.0,0.0
1760.0,8.525913583955822,0.7743042287272599,0.0,0.0,0.0,0.0,0.0,0.0
1761.0,1603.6916998114048,2483.385862616813,0.0,0.0,0.0,0.0,0.0,0.0
1762.0,2896.642787554566,3400.3786507456966,0.0,0.0,0.384187454245971,0.18,2.0,0.0
1763.0,8.665767529357389,0.7453451020260025,0.0,0.0,0.0,0.0,0.0,0.0
1764.0,2646.0657703287766,3823.6060103567643,0.0,0.0,0.0,0.0,0.0,0.0
1765.0,746.5619458577044,1279.3089120641832,0.0,0.0,0.46647615158762396,0.32,2.0,0.0
1766.0,9.642791639322066,1.7580390904460292,0.0,0.0,0.0,0.0,0.0,0.0
1767.0,350.88587028530674,442.38861445391694,0.0,0.0,0.0,0.0,0.0,0.0
1768.0,833.0750530483886,758.2068315471076,0.0,0.0,0.3,0.1,2.0,0.0
1769.0,8.034268172577368,9.579777358368878,0.0,0.0,0.0,0.0,0.0,0.0
1770.0,5074.883930184952,3325.821441466032,0.0,0.0,0.49507575177946245,0.57,3.0,0.0
1771.0,3219.2489058406854,1535.0001636290779,0.0,0.0,0.0,0.0,0.0,0.0
1772.0,2426.681172700425,2327.25618134545,0.0,0.0,0.0,0.0,0.0,0.0
1773.0,886.1745335814169,933.4430649667856,0.0,0.0,0.4995998398718718,0.52,4.0,0.0
1774.0,2836.7658088230946,5179.720163785844,0.0,0.0,0.0,0.0,0.0,0.0
1775.0,5390.595622285572,3365.1023523072886,0.0,0.0,0.0,0.0,0.0,0.0
1776.0,248.99866457218667,713.4858295642684,139.33593478100863,4.984388366798804,0.4,0.2,0.0,0.0
1777.0,3499.3795269474313,4293.211316246589,0.0,0.0,0.4270831300812525,0.24,1.0,0.0
1778.0,9.600737830559355,5.648069188799824,0.0,0.0,0.0,0.0,0.0,0.0
1779.0,6.404876645773786,0.008305242835661935,0.0,0.0,0.0,0.0,0.0,0.0
1780.0,3522.9030449820543,2640.7835875314972,0.0,0.0,0.0,0.0,0.0,0.0
1781.0,240.38750387759478,641.6323913750892,98.8616102046002,6.1250957514449285,0.3666060555964673,0.16,0.0,0.0
1782.0,175.91974473195998,292.2501294014215,143.89620300402566,3.6599301946826803,0.46647615158762396,0.32,0.0,0.0
1783.0,3253.3670544642937,4152.90510029071,0.0,0.0,0.4828043081829324,0.37,2.0,0.0
1784.0,6972.000842693716,3674.774669395365,145.0238951770233,9.334523635914014,0.4877499359302879,0.39,2.0,0.0
1785.0,1129.864242067568,2156.1078900468483,145.8654361316939,6.221656496052947,0.4737087712930805,0.34,0.0,0.0
1786.0,2196.7722696971173,4231.919322043849,0.0,0.0,0.4,0.2,1.0,0.0
1787.0,5472.374429123986,4069.112188536969,0.0,0.0,0.0,0.0,0.0,0.0
1788.0,28.226656031280555,50.89865685646294,0.0,0.0,0.0,0.0,0.0,0.0
1789.0,10.02918779116717,3.675801962297163,0.0,0.0,0.0,0.0,0.0,0.0
1790.0,3283.77922244767,4344.786198232379,0.0,0.0,0.49507575177946245,0.43,2.0,0.0
1791.0,1373.6675837938299,1939.64661868084,0.0,0.0,0.31288975694324034,0.11,2.0,0.0
1792.0,10.031603307104511,1.3920710285881683,0.0,0.0,0.0,0.0,0.0,0.0
1793.0,1752.704690971283,3641.5446210755053,0.0,0.0,0.4,0.2,1.0,0.0
1794.0,3880.867058092822,3106.3748039050997,0.0,0.0,0.0,0.0,0.0,0.0
1795.0,9.79530335744936,2.1009196201207905,0.0,0.0,0.0,0.0,0.0,0.0
1796.0,246.50124769565372,648.0031744690135,0.0,0.0,0.36660605559646725,0.16,1.0,0.0
1797.0,6690.651405454904,3985.9972622899827,0.0,0.0,0.49909918853871116,0.47,3.0,0.0
1798.0,476.66069150728464,877.8287498873159,0.0,0.0,0.0,0.0,0.0,0.0
1799.0,12.166092325678488,11.897123208869747,0.0,0.0,0.0,0.0,0.0,0.0
1800.0,5318.663391435167,3670.0041905569065,0.0,0.0,0.4330127018922193,0.25,1.0,0.0
1801.0,108.62748541468368,187.6932842632536,144.50994175950655,3.5935810788740237,0.34698703145794946,0.14,0.0,0.0
1802.0,9.79584267949189,1.181456778497109,0.0,0.0,0.0,0.0,0.0,0.0
1803.0,6.943210460597664,1.075972058974909,0.0,0.0,0.0,0.0,0.0,0.0
1804.0,6162.576152857093,4889.63269842408,0.0,0.0,0.40730823708832603,0.21,0.0,0.0
1805.0,4624.339763463777,2693.6247724007453,0.0,0.0,0.0,0.0,0.0,0.0
1806.0,7665.102177331017,2718.9974014116087,0.0,0.0,0.0,0.0,0.0,0.0
1807.0,4708.768369570185,2819.492109002681,0.0,0.0,0.0,0.0,0.0,0.0
1808.0,1979.3368495308948,2202.3447784898494,143.27052338099185,14.397008861939172,0.4330127018922193,0.25,2.0,0.0
1809.0,518.366499452147,738.4894424219959,0.0,0.0,0.0,0.0,0.0,0.0
1810.0,1532.5704121991566,2540.221303213743,0.0,0.0,0.3756327994198589,0.17,0.0,0.0
1811.0,340.0647383326003,760.2358318735576,0.0,0.0,0.36660605559646725,0.16,1.0,0.0
1812.0,13.07159581604153,36.4449041142401,0.0,0.0,0.0,0.0,0.0,0.0
1813.0,187.0412442454394,530.7746393067504,106.5393537744191,2.7321575603316663,0.3249615361854384,0.12,1.0,0.0
1814.0,1042.2251489664482,2118.0874953284124,0.0,0.0,0.0,0.0,0.0,0.0
1815.0,1118.950934395339,1783.875499711456,0.0,0.0,0.384187454245971,0.18,1.0,0.0
1816.0,1166.646902964459,1371.966894463378,0.0,0.0,0.40730823708832603,0.21,2.0,0.0
1817.0,34.181529626173834,29.547586405725475,0.0,0.0,0.0,0.0,0.0,0.0
1818.0,23.912756050067348,8.647569192637036,0.0,0.0,0.0,0.0,0.0,0.0
1819.0,9.827315599775124,5.791006969996206,0.0,0.0,0.0,0.0,0.0,0.0
1820.0,6.405177599875315,0.010020280946768217,0.0,0.0,0.0,0.0,0.0,0.0
1821.0,153.69373687176596,317.378341984293,0.0,0.0,0.33630343441600474,0.13,1.0,0.0
1822.0,12.657401177761074,4.602679073450594,0.0,0.0,0.0,0.0,0.0,0.0
1823.0,556.4266002442603,1114.261682976743,0.0,0.0,0.0,0.0,0.0,0.0
1824.0,188.49207932199465,314.3789745838774,0.0,0.0,0.487749935930288,0.39,2.0,0.0
1825.0,10.109290950718563,1.2760281272707945,0.0,0.0,0.0,0.0,0.0,0.0
1826.0,8.538486676407784,1.682132143147826,0.0,0.0,0.0,0.0,0.0,0.0
1827.0,1724.6861887164837,2934.601348574616,0.0,0.0,0.34698703145794946,0.14,0.0,0.0
1828.0,1196.2579555962704,1875.9565679698753,122.09991844587648,16.42749779994887,0.31288975694324034,0.11,2.0,0.0
1829.0,9.820306998441167,1.5222355348402115,0.0,0.0,0.0,0.0,0.0,0.0
1830.0,2242.9998478670414,2605.827387515391,0.0,0.0,0.0,0.0,0.0,0.0
1831.0,176.6135015945818,497.3903299332607,0.0,0.0,0.0,0.0,0.0,0.0
1832.0,6.403963357363706,0.009041492365265283,0.0,0.0,0.0,0.0,0.0,0.0
1833.0,10.331923516080042,11.506172274208154,0.0,0.0,0.0,0.0,0.0,0.0
1834.0,598.8205270679297,939.7708826266256,0.0,0.0,0.0,0.0,0.0,0.0
1835.0,1943.756346592501,1611.06200230982,0.0,0.0,0.4270831300812525,0.24,1.0,0.0
1836.0,1783.2771115252742,3084.446088303956,0.0,0.0,0.4,0.2,0.0,0.0
1837.0,4509.59417961503,4382.775564989526,0.0,0.0,0.33630343441600474,0.13,0.0,0.0
1838.0,1336.536595379203,1614.3189780289124,0.0,0.0,0.31288975694324034,0.11,0.0,0.0
1839.0,7.269421228092899,1.2027062068231154,0.0,0.0,0.0,0.0,0.0,0.0
1840.0,13.219494003865389,20.732242175040795,0.0,0.0,0.0,0.0,0.0,0.0
1841.0,9.985914447961568,5.155753025348231,0.0,0.0,0.0,0.0,0.0,0.0
1842.0,9.169299897315748,2.169241903927481,0.0,0.0,0.0,0.0,0.0,0.0
1843.0,6.403713035504905,0.011830954305299382,0.0,0.0,0.0,0.0,0.0,0.0
1844.0,2039.2634144222088,2285.2605188960038,0.0,0.0,0.375632799419859,0.17,0.0,0.0
1845.0,9.109716819360111,1.1448514872330653,0.0,0.0,0.0,0.0,0.0,0.0
1846.0,8.173166761909636,1.153138039099618,0.0,0.0,0.0,0.0,0.0,0.0
1847.0,4875.096029590301,3691.574110125655,0.0,0.0,0.3570714214271425,0.15,2.0,0.0
1848.0,3386.210448297924,1779.3076716817968,0.0,0.0,0.0,0.0,0.0,0.0
1849.0,76.34023136426349,162.12026309525353,144.70079153567667,5.332697779606998,0.3249615361854384,0.12,0.0,0.0
1850.0,8.982751787380566,1.0986075295346016,0.0,0.0,0.0,0.0,0.0,0.0
1851.0,1454.9560394069183,2283.4466322648645,0.0,0.0,0.0,0.0,0.0,0.0
1852.0,3452.2972229230027,1809.657096954329,0.0,0.0,0.0,0.0,0.0,0.0
1853.0,182.24084761410774,505.0964310195238,148.48147472225722,1.4686411318335597,0.3363034344160047,0.13,0.0,0.0
1854.0,8.531068757446997,0.7721264017365134,0.0,0.0,0.0,0.0,0.0,0.0
1855.0,7.283010555042795,1.526544722371727,0.0,0.0,0.0,0.0,0.0,0.0
1856.0,2433.761875754534,2497.9643417780417,0.0,0.0,0.3128897569432403,0.11,1.0,0.0
1857.0,865.6882692952277,1654.1482670749522,0.0,0.0,0.36660605559646725,0.16,1.0,0.0
1858.0,8.888803630052506,1.1275582295401885,0.0,0.0,0.0,0.0,0.0,0.0
1859.0,7.338481781956946,0.9041330234663825,0.0,0.0,0.0,0.0,0.0,0.0
1860.0,6.407577395010911,0.009336579025375415,0.0,0.0,0.0,0.0,0.0,0.0
1861.0,6.402584920215695,0.007423456728490381,0.0,0.0,0.0,0.0,0.0,0.0
1862.0,6.403058018628044,0.0104849557640018,0.0,0.0,0.0,0.0,0.0,0.0
1863.0,1293.9983298681464,1678.929175530115,0.0,0.0,0.4386342439892262,0.26,2.0,0.0
1864.0,286.6061806500491,407.0654732725129,130.1680053110273,14.93691219497679,0.45825756949558394,0.3,2.0,0.0
1865.0,13.36742133516894,2.7215518438625854,0.0,0.0,0.0,0.0,0.0,0.0
1866.0,224.18419470386925,414.52351377549206,0.0,0.0,0.4,0.2,1.0,0.0
1867.0,1360.59082107504,1180.397000593762,0.0,0.0,0.0,0.0,0.0,0.0
1868.0,11.004886085848657,1.2292414048464606,0.0,0.0,0.0,0.0,0.0,0.0
1869.0,14.147617752762834,5.354545100683538,0.0,0.0,0.0,0.0,0.0,0.0
1870.0,422.3001380937428,875.8179606900102,0.0,0.0,0.33630343441600474,0.13,1.0,0.0
1871.0,665.5329493775264,759.4482665295524,121.76601462472888,10.280980003855522,0.4208325082500164,0.23,2.0,0.0
1872.0,9.524898994636027,1.3615717101257185,0.0,0.0,0.0,0.0,0.0,0.0
1873.0,62.575162808813495,64.10003714844662,0.0,0.0,0.4737087712930805,0.34,2.0,0.0
1874.0,565.0509522359007,716.8515333498249,0.0,0.0,0.0,0.0,0.0,0.0
1875.0,45.13383900006595,105.77297550530021,150.89168239404282,3.659181177414511,0.3,0.1,0.0,0.0
1876.0,862.3936684198316,1094.6385112415066,0.0,0.0,0.30000000000000004,0.1,0.0,0.0
1877.0,6502.152875498342,3289.428891550695,0.0,0.0,0.0,0.0,0.0,0.0
1878.0,936.7546508331594,975.8351178285076,0.0,0.0,0.49749371855331004,0.45,2.0,0.0
1879.0,9.366008949383273,1.5976103432024473,0.0,0.0,0.0,0.0,0.0,0.0
1880.0,2898.44254185938,4017.7068055459363,0.0,0.0,0.0,0.0,0.0,0.0
1881.0,1625.9266068411075,1898.2412678653354,0.0,0.0,0.4898979485566356,0.4,4.0,0.0
1882.0,6.407497714579415,0.011368705727014603,0.0,0.0,0.0,0.0,0.0,0.0
1883.0,3311.964827650223,1838.6645638135963,0.0,0.0,0.4270831300812525,0.24,2.0,0.0
1884.0,1113.903565057589,1189.8113537050808,0.0,0.0,0.4330127018922193,0.25,1.0,0.0
1885.0,11.178341020034166,2.2520298048679748,0.0,0.0,0.0,0.0,0.0,0.0
1886.0,12.320886706605362,6.819706219021005,0.0,0.0,0.0,0.0,0.0,0.0
1887.0,2503.180986746361,2361.210136336344,0.0,0.0,0.31288975694324034,0.11,1.0,0.0
1888.0,40.07976085130567,85.97869905787003,0.0,0.0,0.0,0.0,0.0,0.0
1889.0,183.6659555217417,374.95610485678117,0.0,0.0,0.0,0.0,0.0,0.0
1890.0,3526.669681153595,3002.1057139972536,0.0,0.0,0.31288975694324034,0.11,1.0,0.0
1891.0,334.8216416799914,656.9251514972556,112.78747152515257,28.36071726564701,0.44395945760846234,0.27,2.0,0.0
1892.0,6.407374913646261,0.009571917575513823,0.0,0.0,0.0,0.0,0.0,0.0
1893.0,1504.6330842489174,1811.7020056834529,0.0,0.0,0.4073082370883261,0.21,3.0,0.0
1894.0,721.0536830378893,1118.5966470749252,0.0,0.0,0.0,0.0,0.0,0.0
1895.0,8.51164510835631,0.6083195700246221,0.0,0.0,0.0,0.0,0.0,0.0
1896.0,3099.468402532254,3415.10391355858,0.0,0.0,0.0,0.0,0.0,0.0
1897.0,1483.417208655164,2176.854753089238,0.0,0.0,0.0,0.0,0.0,0.0
1898.0,6.40717049166785,0.007849313042996882,0.0,0.0,0.0,0.0,0.0,0.0
1899.0,6.407315679081943,0.011121059702385432,0.0,0.0,0.0,0.0,0.0,0.0
1900.0,6.403837483052737,0.010042050824113538,0.0,0.0,0.0,0.0,0.0,0.0
1901.0,64.6788707876739,163.93327033421122,0.0,0.0,0.3,0.1,1.0,0.0
1902.0,9.882430561271411,2.6568231901779455,0.0,0.0,0.0,0.0,0.0,0.0
1903.0,1108.990943039223,1232.121032524875,0.0,0.0,0.0,0.0,0.0,0.0
1904.0,26.115735094747688,60.05558400526917,138.53975970261905,2.9556534575083173,0.3,0.1,0.0,0.0
1905.0,162.41661485329175,396.379419330863,0.0,0.0,0.31288975694324034,0.11,1.0,0.0
1906.0,3136.458532696977,1945.2221166843524,0.0,0.0,0.0,0.0,0.0,0.0
1907.0,16.917537210123932,19.90904368537813,0.0,0.0,0.0,0.0,0.0,0.0
1908.0,89.86797354633168,270.4899054989045,0.0,0.0,0.0,0.0,0.0,0.0
1909.0,7862.144336193491,3601.3435372896697,0.0,0.0,0.0,0.0,0.0,0.0
1910.0,2417.3077700624876,3831.865908163295,0.0,0.0,0.31288975694324034,0.11,1.0,0.0
1911.0,5150.985378973896,4626.690243096039,0.0,0.0,0.3,0.1,0.0,0.0
1912.0,2266.2318732340354,2459.7853418078407,0.0,0.0,0.4702127178203499,0.33,3.0,0.0
1913.0,11.245103439274493,2.4664828521566546,0.0,0.0,0.0,0.0,0.0,0.0
1914.0,58.90671682910546,182.93545901214722,0.0,0.0,0.0,0.0,0.0,0.0
1915.0,56.699600546112535,69.04380322517777,0.0,0.0,0.0,0.0,0.0,0.0
1916.0,9.739231138899674,1.6829675578272874,0.0,0.0,0.0,0.0,0.0,0.0
1917.0,5761.114886513332,4318.926063081427,0.0,0.0,0.3570714214271425,0.15,1.0,0.0
1918.0,2035.1238612862828,2440.4934896106197,0.0,0.0,0.0,0.0,0.0,0.0
1919.0,324.8951767166195,910.8586535491213,147.24534254680077,7.859505731171756,0.45825756949558394,0.3,0.0,0.0
1920.0,1115.7074272408909,2452.269903552422,0.0,0.0,0.36660605559646725,0.16,1.0,0.0
1921.0,9.005406674373043,0.8266442859386712,0.0,0.0,0.0,0.0,0.0,0.0
1922.0,2654.7010479079217,3328.185472763089,0.0,0.0,0.0,0.0,0.0,0.0
1923.0,6707.430920531699,2354.450947185746,0.0,0.0,0.0,0.0,0.0,0.0
1924.0,5388.625431372921,3297.4918580072185,0.0,0.0,0.0,0.0,0.0,0.0
1925.0,47.78920538512205,98.02026379830909,132.4428745338067,6.337610234331789,0.3249615361854384,0.12,0.0,0.0
1926.0,2520.543163324309,3680.7601059858516,0.0,0.0,0.0,0.0,0.0,0.0
1927.0,5607.719857908402,2599.5551653102793,0.0,0.0,0.0,0.0,0.0,0.0
1928.0,110.73362126301501,179.52981036055795,136.33895440878285,19.452551140681326,0.4270831300812525,0.24,1.0,0.0
1929.0,3200.4600729386357,4685.39122803315,0.0,0.0,0.2712931993250107,0.08,1.0,0.0
1930.0,6199.953707583089,2849.1856976200074,0.0,0.0,0.0,0.0,0.0,0.0
1931.0,39.18500548228556,82.58980550282324,143.76022131593135,0.5515555704987525,0.3666060555964673,0.16,0.0,0.0
1932.0,1230.4688418621604,1632.8073265672774,0.0,0.0,0.34698703145794946,0.14,1.0,0.0
1933.0,4411.6559771655975,1519.216512413467,0.0,0.0,0.0,0.0,0.0,0.0
1934.0,1179.3608709623443,1511.5083183361603,0.0,0.0,0.41424630354415964,0.22,1.0,0.0
1935.0,1596.923445511725,3563.485023736161,0.0,0.0,0.0,0.0,0.0,0.0
1936.0,5779.815028914729,2532.8887660561622,0.0,0.0,0.0,0.0,0.0,0.0
1937.0,234.4631092478103,312.3350478593078,0.0,0.0,0.0,0.0,0.0,0.0
1938.0,223.50140720900464,517.4335356372097,0.0,0.0,0.3,0.1,1.0,0.0
1939.0,1788.2603337042988,807.2242380867192,0.0,0.0,0.0,0.0,0.0,0.0
1940.0,143.67242134187208,304.34919910935855,104.7034284413768,16.573259549500598,0.31288975694324034,0.11,1.0,0.0
1941.0,35.07801750980305,138.33589811525553,0.0,0.0,0.0,0.0,0.0,0.0
1942.0,4801.555070213708,1621.191284670763,0.0,0.0,0.0,0.0,0.0,0.0
1943.0,154.9309122623452,260.1991687149792,85.80427393970561,6.662563553832172,0.45825756949558394,0.3,1.0,0.0
1944.0,12.091505968279204,18.036571113719386,0.0,0.0,0.0,0.0,0.0,0.0
1945.0,1727.818079265935,898.4844572364859,0.0,0.0,0.0,0.0,0.0,0.0
1946.0,1771.6713720805326,2161.9709898343012,0.0,0.0,0.0,0.0,0.0,0.0
1947.0,8.906229258616868,0.966244561166849,0.0,0.0,0.0,0.0,0.0,0.0
1948.0,2590.801393984406,1958.799918695286,0.0,0.0,0.0,0.0,0.0,0.0
1949.0,4528.082563057836,2729.9535831643216,0.0,0.0,0.0,0.0,0.0,0.0
1950.0,202.53512007446832,533.3003633640251,0.0,0.0,0.0,0.0,0.0,0.0
1951.0,1301.0279313146566,2139.220375808227,0.0,0.0,0.0,0.0,0.0,0.0
1952.0,3675.162263078432,2920.2637545851944,0.0,0.0,0.0,0.0,0.0,0.0
1953.0,187.67583182432128,455.9108377635242,139.7884293017651,8.321346035416996,0.34698703145794946,0.14,1.0,0.0
1954.0,3524.509692417167,3911.11687493719,0.0,0.0,0.0,0.0,0.0,0.0
1955.0,5231.284994861092,4149.670820670814,105.23538129739947,14.95938670435994,0.3249615361854384,0.12,1.0,0.0
1956.0,8.922782914254505,2.754618236580065,0.0,0.0,0.0,0.0,0.0,0.0
1957.0,2644.937380247961,3923.8659900098523,0.0,0.0,0.0,0.0,0.0,0.0
1958.0,5551.750935133911,3412.1675834104353,0.0,0.0,0.0,0.0,0.0,0.0
1959.0,58.115810977852604,90.34891738321254,0.0,0.0,0.0,0.0,0.0,0.0
1960.0,1183.6360572853332,1423.3843684353897,0.0,0.0,0.0,0.0,0.0,0.0
1961.0,3712.0861034117493,2559.638782296074,0.0,0.0,0.0,0.0,0.0,0.0
1962.0,115.45217970066852,233.54558609065387,0.0,0.0,0.3,0.1,1.0,0.0
1963.0,1916.8815885010301,2952.95515123921,0.0,0.0,0.0,0.0,0.0,0.0
1964.0,4226.193481493316,3674.9839836734955,0.0,0.0,0.0,0.0,0.0,0.0
1965.0,319.621154751944,1001.0354204267886,0.0,0.0,0.0,0.0,0.0,0.0
1966.0,7099.231926783089,4062.4885818073235,0.0,0.0,0.0,0.0,0.0,0.0
1967.0,2401.4445870455734,3672.8478265763683,0.0,0.0,0.31288975694324034,0.11,1.0,0.0
1968.0,434.3921960041563,1530.0702016296113,0.0,0.0,0.0,0.0,0.0,0.0
1969.0,7956.068359435515,3362.351692640918,0.0,0.0,0.0,0.0,0.0,0.0
1970.0,2249.1179956025967,3124.699213557391,0.0,0.0,0.44395945760846234,0.27,1.0,0.0
1971.0,6.95606345365823,1.2326666225077896,0.0,0.0,0.0,0.0,0.0,0.0
1972.0,3910.2674905569143,5450.397154287321,0.0,0.0,0.3570714214271425,0.15,1.0,0.0
1973.0,4274.55579352138,3863.9801665339137,0.0,0.0,0.0,0.0,0.0,0.0
1974.0,5402.389973622276,5939.7919776660365,0.0,0.0,0.44899888641287294,0.28,1.0,0.0
1975.0,5205.639624705985,4224.927849171294,0.0,0.0,0.48989794855663565,0.4,1.0,0.0
1976.0,6853.58811983916,5175.413949607657,128.40657097526966,21.569437019480016,0.48,0.36,1.0,0.0
1977.0,6312.4723889206025,4322.010182903684,0.0,0.0,0.3363034344160047,0.13,2.0,0.0
1978.0,1267.9809986708042,2240.0398597398203,0.0,0.0,0.0,0.0,0.0,0.0
1979.0,2553.8375070103816,4090.6059634795797,134.8203850125837,18.576986151975458,0.4489988864128729,0.28,1.0,0.0
1980.0,259.49135792195705,736.2572261906639,138.95683244328222,8.281058097845198,0.41424630354415964,0.22,1.0,0.0
1981.0,6.769400916535075,0.604567220641096,0.0,0.0,0.0,0.0,0.0,0.0
1982.0,6.403562835704961,0.008728599375930568,0.0,0.0,0.0,0.0,0.0,0.0
1983.0,92.27558952147837,217.44117980146828,0.0,0.0,0.34698703145794946,0.14,1.0,0.0
1984.0,70.19995206004631,171.72095100285077,0.0,0.0,0.0,0.0,0.0,0.0
1985.0,47.052477457616405,81.9927551686361,0.0,0.0,0.0,0.0,0.0,0.0
1986.0,19.738107335757658,25.81415185115792,0.0,0.0,0.0,0.0,0.0,0.0
1987.0,774.2282643751446,2501.868020915,0.0,0.0,0.0,0.0,0.0,0.0
1988.0,5264.66258967729,4274.140140365501,0.0,0.0,0.33630343441600474,0.13,2.0,0.0
1989.0,8.29696844083236,2.366702266397047,0.0,0.0,0.0,0.0,0.0,0.0
1990.0,2182.710239268151,2654.86288808208,0.0,0.0,0.4270831300812525,0.24,3.0,0.0
1991.0,4491.495394791877,3982.1763905575517,0.0,0.0,0.3363034344160047,0.13,1.0,0.0
1992.0,859.3785963590931,1244.882880757136,122.53271188290469,19.074869235507133,0.44899888641287283,0.28,3.0,0.0
1993.0,468.98201868462206,792.1814952553333,0.0,0.0,0.42708313008125254,0.24,3.0,0.0
1994.0,8.291029889366019,1.4276628667537647,0.0,0.0,0.0,0.0,0.0,0.0
1995.0,32.78185639862288,76.63975458807145,0.0,0.0,0.0,0.0,0.0,0.0
1996.0,4044.1830279303103,3214.809913398148,0.0,0.0,0.0,0.0,0.0,0.0
1997.0,1887.03964805552,2758.1972680651697,204.00157971661577,15.984315006395873,0.3363034344160047,0.13,0.0,0.0
1998.0,9.96634449289273,2.4053060708476663,0.0,0.0,0.0,0.0,0.0,0.0
1999.0,763.0647601491163,1203.20193502143,0.0,0.0,0.21794494717703367,0.05,1.0,0.0
2000.0,173.16171295049043,291.77880637312603,0.0,0.0,0.375632799419859,0.17,0.0,0.0
2001.0,631.7870822484175,610.827759253906,0.0,0.0,0.3570714214271425,0.15,2.0,0.0
2002.0,10.929501630450572,1.7972632656703025,0.0,0.0,0.0,0.0,0.0,0.0
2003.0,3367.5962763462276,4663.768366780877,0.0,0.0,0.462493243193887,0.31,4.0,0.0
2004.0,5342.373645181673,2344.2327945361026,0.0,0.0,0.0,0.0,0.0,0.0
2005.0,35.267799863091575,75.18707972111852,0.0,0.0,0.0,0.0,0.0,0.0
2006.0,17.66675009227193,13.776084138991797,0.0,0.0,0.0,0.0,0.0,0.0
2007.0,19.085367820108228,11.394789553296404,0.0,0.0,0.0,0.0,0.0,0.0
2008.0,9.204986591535864,0.9992378967080693,0.0,0.0,0.0,0.0,0.0,0.0
2009.0,319.971979389193,411.8659251171111,0.0,0.0,0.36660605559646725,0.16,2.0,0.0
2010.0,4408.04806799706,3018.7592980344293,0.0,0.0,0.0,0.0,0.0,0.0
2011.0,2549.3044992180453,3106.5049817718295,95.21537267656328,6.0796192826690705,0.3,0.1,1.0,0.0
2012.0,1446.573536788263,3810.356055522312,0.0,0.0,0.0,0.0,0.0,0.0
2013.0,7229.211054376591,3997.1108603912758,0.0,0.0,0.0,0.0,0.0,0.0
2014.0,659.0189410173853,1035.5816053425997,0.0,0.0,0.4386342439892262,0.26,1.0,0.0
2015.0,4980.467426356582,5587.580318403403,0.0,0.0,0.0,0.0,0.0,0.0
2016.0,4281.2457518877745,3569.8174535741628,0.0,0.0,0.0,0.0,0.0,0.0
2017.0,7.41825455067426,2.657351770068413,0.0,0.0,0.0,0.0,0.0,0.0
2018.0,339.87812817899294,1220.6943669567258,0.0,0.0,0.0,0.0,0.0,0.0
2019.0,2833.726562697814,3135.6708578259913,0.0,0.0,0.0,0.0,0.0,0.0
2020.0,609.4127667746972,1474.0768726022184,0.0,0.0,0.41424630354415964,0.22,1.0,0.0
2021.0,4156.154403978617,4437.211121633138,0.0,0.0,0.4330127018922193,0.25,3.0,0.0
2022.0,4390.429892942965,3472.49460664894,0.0,0.0,0.0,0.0,0.0,0.0
2023.0,17.620702498019433,25.30611617547685,0.0,0.0,0.0,0.0,0.0,0.0
2024.0,2728.50022633973,5006.3063565108005,0.0,0.0,0.0,0.0,0.0,0.0
2025.0,6950.097817253904,1850.2571776834197,0.0,0.0,0.0,0.0,0.0,0.0
2026.0,7430.064124628352,2099.5954306483345,0.0,0.0,0.0,0.0,0.0,0.0
2027.0,4923.679106003535,2975.0724246696263,0.0,0.0,0.0,0.0,0.0,0.0
2028.0,14.009225464934387,14.04885610873088,0.0,0.0,0.0,0.0,0.0,0.0
2029.0,4678.615060675662,3220.669445973383,0.0,0.0,0.34698703145794946,0.14,1.0,0.0
2030.0,131.92369280069187,333.7431849253151,0.0,0.0,0.31288975694324034,0.11,0.0,0.0
2031.0,6.572632149221165,0.4429186849802304,0.0,0.0,0.0,0.0,0.0,0.0
2032.0,2371.9137740435585,2748.889442691408,0.0,0.0,0.44899888641287283,0.28,2.0,0.0
2033.0,467.3452673818393,959.4195622282072,0.0,0.0,0.3570714214271425,0.15,1.0,0.0
2034.0,11.183971994612543,5.3217350540162744,0.0,0.0,0.0,0.0,0.0,0.0
2035.0,2163.847574743511,3164.003268869354,0.0,0.0,0.4208325082500164,0.23,2.0,0.0
2036.0,3352.766748049932,1398.111433838505,0.0,0.0,0.0,0.0,0.0,0.0
2037.0,1018.0108965795761,1821.237594716559,0.0,0.0,0.44899888641287283,0.28,1.0,0.0
2038.0,9.622373980141209,1.3032776233314933,0.0,0.0,0.0,0.0,0.0,0.0
2039.0,2934.4006382298035,4032.9566163069594,0.0,0.0,0.45825756949558394,0.3,1.0,0.0
2040.0,6.822752830482521,1.2344634048505279,0.0,0.0,0.0,0.0,0.0,0.0
2041.0,81.39353197742042,128.3157159135536,0.0,0.0,0.39230090491866065,0.19,0.0,0.0
2042.0,2986.5634574715195,2184.386657640322,0.0,0.0,0.3,0.1,1.0,0.0
2043.0,318.2121928597175,743.7550400353222,0.0,0.0,0.0,0.0,0.0,0.0
2044.0,9.52214971212636,1.8074814705492108,0.0,0.0,0.0,0.0,0.0,0.0
2045.0,1625.3883026922163,1756.0181730405511,0.0,0.0,0.4208325082500163,0.23,2.0,0.0
2046.0,4952.310487583523,3360.507701944673,0.0,0.0,0.0,0.0,0.0,0.0
2047.0,31.809340092832404,56.53274810927001,148.3007485340833,4.74542373084464,0.3570714214271425,0.15,0.0,0.0
2048.0,5803.722544444978,4384.116567896067,0.0,0.0,0.40730823708832603,0.21,1.0,0.0
2049.0,3359.1728275173077,3276.211648655818,0.0,0.0,0.3,0.1,1.0,0.0
2050.0,10.197444364161269,3.844377262915324,0.0,0.0,0.0,0.0,0.0,0.0
2051.0,6581.511896183117,3531.7662831872103,0.0,0.0,0.36660605559646725,0.16,1.0,0.0
2052.0,1562.601694695671,2273.586222432673,0.0,0.0,0.4769696007084728,0.35,1.0,0.0
2053.0,472.01780567564884,1570.4433652967668,0.0,0.0,0.0,0.0,0.0,0.0
2054.0,8850.512978771409,2793.3728437619043,0.0,0.0,0.0,0.0,0.0,0.0
2055.0,1826.8583718765774,3824.477740469815,0.0,0.0,0.4,0.2,0.0,0.0
2056.0,2795.273720602309,3529.081038561721,0.0,0.0,0.21794494717703367,0.05,1.0,0.0
2057.0,16.716202589162318,19.540992114174745,0.0,0.0,0.0,0.0,0.0,0.0
2058.0,2491.921695535895,3800.8089489654826,0.0,0.0,0.0,0.0,0.0,0.0
2059.0,3508.2245633610705,3203.7152786495453,0.0,0.0,0.0,0.0,0.0,0.0
2060.0,8.7984655277767,4.007252354976758,0.0,0.0,0.0,0.0,0.0,0.0
2061.0,5715.333982610097,4747.374718929456,0.0,0.0,0.4537620521815371,0.29,1.0,0.0
2062.0,1369.5351906636438,2529.039620881552,0.0,0.0,0.31288975694324034,0.11,1.0,0.0
2063.0,1033.4505512197657,2117.2892557083746,0.0,0.0,0.0,0.0,0.0,0.0
2064.0,9.038673087075377,0.7687602258175447,0.0,0.0,0.0,0.0,0.0,0.0
2065.0,2127.3609681430835,3030.5538305409887,0.0,0.0,0.3,0.1,1.0,0.0
2066.0,3991.0118750815245,3270.8056070242023,0.0,0.0,0.0,0.0,0.0,0.0
2067.0,119.62825631656987,314.7501255622722,139.12257082784217,9.080163411459678,0.4,0.2,0.0,0.0
2068.0,1698.7544271809509,2142.4788277945386,0.0,0.0,0.0,0.0,0.0,0.0
2069.0,1661.5488146697428,1395.8871492311082,0.0,0.0,0.0,0.0,0.0,0.0
2070.0,8.231133111140393,1.734976518676108,0.0,0.0,0.0,0.0,0.0,0.0
2071.0,267.4319783051986,550.0841345760244,0.0,0.0,0.0,0.0,0.0,0.0
2072.0,5204.437269120054,2762.91369172621,0.0,0.0,0.0,0.0,0.0,0.0
2073.0,1276.6187248313568,1806.3274879443898,119.08778759367227,20.86517992705362,0.49507575177946245,0.43,3.0,0.0
2074.0,8.692935682848864,1.1637708906890425,0.0,0.0,0.0,0.0,0.0,0.0
2075.0,6225.95201282694,4764.6626708507165,0.0,0.0,0.33630343441600474,0.13,1.0,0.0
2076.0,3743.232913634457,2776.596122782822,0.0,0.0,0.407308237088326,0.21,1.0,0.0
2077.0,8.491037479429911,4.655659068939311,0.0,0.0,0.0,0.0,0.0,0.0
2078.0,1447.9204006103087,1704.450585703341,0.0,0.0,0.4073082370883261,0.21,1.0,0.0
2079.0,4497.933389409492,2565.7882798238384,0.0,0.0,0.0,0.0,0.0,0.0
2080.0,1786.0180585147175,2884.3514633657724,0.0,0.0,0.4,0.2,1.0,0.0
2081.0,2280.2380319604945,4221.160656366722,0.0,0.0,0.39230090491866065,0.19,1.0,0.0
2082.0,6473.192409017692,3499.5717758292203,0.0,0.0,0.0,0.0,0.0,0.0
2083.0,2336.76820173735,4177.15520522479,0.0,0.0,0.4898979485566356,0.4,1.0,0.0
2084.0,1088.0382038459604,2654.740887952845,0.0,0.0,0.0,0.0,0.0,0.0
2085.0,5063.979233182022,3755.7711241404268,0.0,0.0,0.31288975694324034,0.11,1.0,0.0
2086.0,149.3101915126124,386.58519011724826,145.72061639563213,5.386008292934481,0.41424630354415964,0.22,1.0,0.0
2087.0,125.96445079674396,412.69638259101004,0.0,0.0,0.0,0.0,0.0,0.0
2088.0,2146.8212835034906,1459.4304949251946,0.0,0.0,0.0,0.0,0.0,0.0
2089.0,98.40804312179247,126.9808394820799,115.82370135466904,31.9184435070932,0.41424630354415964,0.22,2.0,0.0
2090.0,6.406581130104201,0.008586283100658036,0.0,0.0,0.0,0.0,0.0,0.0
2091.0,3805.5846611876827,4664.413586753044,0.0,0.0,0.0,0.0,0.0,0.0
2092.0,5349.600609706289,4083.988549122484,127.31013231522502,16.513279763976072,0.3363034344160047,0.13,1.0,0.0
2093.0,602.3291537448914,1641.73734867525,0.0,0.0,0.407308237088326,0.21,1.0,0.0
2094.0,7183.143435528631,3459.609750640968,0.0,0.0,0.0,0.0,0.0,0.0
2095.0,1533.6975338721684,2103.455401409309,0.0,0.0,0.384187454245971,0.18,0.0,0.0
2096.0,9.631330167713752,1.437750569062829,0.0,0.0,0.0,0.0,0.0,0.0
2097.0,5614.628165801903,4014.4541493965166,0.0,0.0,0.462493243193887,0.31,4.0,0.0
2098.0,1570.5674010497182,3283.1948334560952,160.16514808650194,31.837624541100038,0.31288975694324034,0.11,1.0,0.0
2099.0,2079.1827893821664,4521.581483032878,0.0,0.0,0.3,0.1,0.0,0.0
2100.0,3525.7555011677364,2661.8512085002108,0.0,0.0,0.407308237088326,0.21,1.0,0.0
2101.0,15.277901856824938,5.342219029708072,0.0,0.0,0.0,0.0,0.0,0.0
2102.0,4064.8901341783385,4122.523028810965,0.0,0.0,0.19595917942265423,0.04,1.0,0.0
2103.0,187.49911684853555,322.07330675364454,93.02314317806619,5.982964348703606,0.31288975694324034,0.11,1.0,0.0
2104.0,10.75729092943566,2.0141124099403696,0.0,0.0,0.0,0.0,0.0,0.0
2105.0,4802.43184636841,3259.2097859202945,0.0,0.0,0.47021271782034985,0.33,3.0,0.0
2106.0,1140.356129228104,1580.879574894908,0.0,0.0,0.34698703145794946,0.14,2.0,0.0
2107.0,6.405845230919158,0.011093295524276688,0.0,0.0,0.0,0.0,0.0,0.0
2108.0,6061.4198130850655,3720.8002136294913,0.0,0.0,0.0,0.0,0.0,0.0
2109.0,2532.9339065262466,3512.4206809515217,0.0,0.0,0.42708313008125254,0.24,2.0,0.0
2110.0,9.238159358094514,1.3156825736312117,0.0,0.0,0.0,0.0,0.0,0.0
2111.0,586.2004460670549,710.2395058055358,0.0,0.0,0.36660605559646725,0.16,1.0,0.0
2112.0,2834.990353826153,3363.1001992589554,116.15120738723164,16.057108931424004,0.4208325082500163,0.23,2.0,0.0
2113.0,1349.0827831970132,1712.7009779384061,0.0,0.0,0.4877499359302879,0.39,1.0,0.0
2114.0,1977.6883550554815,3529.8063256197106,0.0,0.0,0.0,0.0,0.0,0.0
2115.0,2311.1459741498966,2224.591289978925,0.0,0.0,0.33630343441600474,0.13,1.0,0.0
2116.0,351.12848416997787,769.2139371702646,0.0,0.0,0.0,0.0,0.0,0.0
2117.0,259.21295578855364,897.3069213710363,0.0,0.0,0.0,0.0,0.0,0.0
2118.0,2348.3852145178753,3156.7169953746115,0.0,0.0,0.31288975694324034,0.11,1.0,0.0
2119.0,15.361418455064683,18.483254331923053,0.0,0.0,0.0,0.0,0.0,0.0
2120.0,3285.4258107615287,3680.744943189895,0.0,0.0,0.0,0.0,0.0,0.0
2121.0,5334.8973437058075,3357.295227145972,0.0,0.0,0.0,0.0,0.0,0.0
2122.0,36.46790111871926,68.90594453516702,0.0,0.0,0.0,0.0,0.0,0.0
2123.0,3338.042208287783,2843.9876638418564,0.0,0.0,0.3923009049186606,0.19,2.0,0.0
2124.0,3162.654429913131,3056.659908143816,0.0,0.0,0.4386342439892262,0.26,4.0,0.0
2125.0,8.114075053402248,0.4808829652671313,0.0,0.0,0.0,0.0,0.0,0.0
2126.0,3217.6491420420452,2398.815265696548,0.0,0.0,0.3,0.1,1.0,0.0
2127.0,725.9286475238749,1029.3834966076608,0.0,0.0,0.0,0.0,0.0,0.0
2128.0,6.649688528339478,0.5574127767843232,0.0,0.0,0.0,0.0,0.0,0.0
2129.0,5158.662024980902,3428.395140395159,0.0,0.0,0.31288975694324034,0.11,2.0,0.0
2130.0,274.49409409564595,484.4230533922193,149.04967388675834,14.27640836076569,0.3363034344160047,0.13,0.0,0.0
2131.0,2761.6196043529776,4876.078752585347,0.0,0.0,0.41424630354415964,0.22,1.0,0.0
2132.0,2721.7312931779843,3572.2764504353104,0.0,0.0,0.0,0.0,0.0,0.0
2133.0,8.767532895270456,1.9740766937370664,0.0,0.0,0.0,0.0,0.0,0.0
2134.0,758.5916964580954,1120.6962658712262,0.0,0.0,0.34698703145794946,0.14,1.0,0.0
2135.0,4826.218289144369,2841.9033549692726,0.0,0.0,0.0,0.0,0.0,0.0
2136.0,36.68389038220163,81.37632094230699,0.0,0.0,0.0,0.0,0.0,0.0
2137.0,8.987772362302657,0.9477866752359695,0.0,0.0,0.0,0.0,0.0,0.0
2138.0,3443.55238829813,1607.4275145206134,0.0,0.0,0.0,0.0,0.0,0.0
2139.0,4161.5270748062185,1678.8563971514743,0.0,0.0,0.0,0.0,0.0,0.0
2140.0,97.28403998040741,342.0391343666193,140.71882533000294,11.017552565724348,0.3,0.1,0.0,0.0
2141.0,5766.479496708203,4727.675433621434,0.0,0.0,0.4918333050943175,0.41,4.0,0.0
2142.0,1851.630917822091,2453.0170497837553,0.0,0.0,0.3363034344160047,0.13,1.0,0.0
2143.0,1561.3426117693439,2997.070199670613,0.0,0.0,0.44899888641287283,0.28,1.0,0.0
2144.0,8.902662905454367,1.8122961243667086,0.0,0.0,0.0,0.0,0.0,0.0
2145.0,7648.150756655648,3302.965160848998,0.0,0.0,0.0,0.0,0.0,0.0
2146.0,2078.89645547996,3075.288446660115,113.5215693737804,24.37583727004258,0.462493243193887,0.31,1.0,0.0
2147.0,9.335955504421356,1.469894740955535,0.0,0.0,0.0,0.0,0.0,0.0
2148.0,6032.2959006182655,3884.0936723560176,0.0,0.0,0.0,0.0,0.0,0.0
2149.0,1682.0524530791124,2914.469226585018,111.06881153308184,34.35739912883035,0.45376205218153703,0.29,1.0,0.0
2150.0,6.546563057325941,0.5196664828913692,0.0,0.0,0.0,0.0,0.0,0.0
2151.0,5377.721681049476,3316.636994801715,0.0,0.0,0.0,0.0,0.0,0.0
2152.0,419.1588123125675,844.027126585309,0.0,0.0,0.34698703145794946,0.14,1.0,0.0
2153.0,8.766429641550308,0.9591680449456328,0.0,0.0,0.0,0.0,0.0,0.0
2154.0,5361.884596521942,3628.29149178275,0.0,0.0,0.4330127018922193,0.25,2.0,0.0
2155.0,1147.9503795525154,1688.810182139747,0.0,0.0,0.0,0.0,0.0,0.0
2156.0,31.93490456810511,51.09352644288524,0.0,0.0,0.0,0.0,0.0,0.0
2157.0,4426.38470694492,3581.516915946757,0.0,0.0,0.36660605559646725,0.16,1.0,0.0
2158.0,1816.5499901377502,2779.2120692629965,0.0,0.0,0.3,0.1,1.0,0.0
2159.0,4176.679443659193,4961.261944506718,0.0,0.0,0.0,0.0,0.0,0.0
2160.0,1261.2758080036467,1225.2830313748182,0.0,0.0,0.37563279941985894,0.17,2.0,0.0
2161.0,19.981394772932852,34.811864271601195,0.0,0.0,0.0,0.0,0.0,0.0
2162.0,1450.6845716110124,2728.3437947627012,0.0,0.0,0.0,0.0,0.0,0.0
2163.0,5256.333787228444,3809.820644380736,0.0,0.0,0.41424630354415964,0.22,2.0,0.0
2164.0,10.185110127808345,4.061065676774917,0.0,0.0,0.0,0.0,0.0,0.0
2165.0,8.201272606541222,2.4502149875593364,0.0,0.0,0.0,0.0,0.0,0.0
2166.0,3660.944916140096,3832.2014825389288,0.0,0.0,0.0,0.0,0.0,0.0
2167.0,9.318844855921094,1.7234588365921584,0.0,0.0,0.0,0.0,0.0,0.0
2168.0,7.365023175828724,0.4285475191755166,0.0,0.0,0.0,0.0,0.0,0.0
2169.0,5328.624790980348,5220.376960324714,0.0,0.0,0.46647615158762396,0.32,2.0,0.0
2170.0,8346.459669520274,1775.8421828744824,0.0,0.0,0.0,0.0,0.0,0.0
2171.0,7107.183996818424,2217.1678136753585,0.0,0.0,0.0,0.0,0.0,0.0
2172.0,6980.78243612261,1871.5181783477,0.0,0.0,0.0,0.0,0.0,0.0
2173.0,875.6819425445397,1291.8309229155266,0.0,0.0,0.3249615361854384,0.12,2.0,0.0
2174.0,1223.3466440929426,787.7515320185292,0.0,0.0,0.0,0.0,0.0,0.0
2175.0,610.9746582044086,1032.8516221690215,0.0,0.0,0.4270831300812525,0.24,1.0,0.0
2176.0,2575.1007211319484,3926.6594486767262,0.0,0.0,0.0,0.0,0.0,0.0
2177.0,2182.799355227521,2982.808112463526,0.0,0.0,0.0,0.0,0.0,0.0
2178.0,6.409077929992695,0.011051796734718804,0.0,0.0,0.0,0.0,0.0,0.0
2179.0,523.1745035262903,537.1524695152926,0.0,0.0,0.34698703145794946,0.14,0.0,0.0
2180.0,19.295225719568485,13.464275492655164,0.0,0.0,0.0,0.0,0.0,0.0
2181.0,8.68468813236627,0.973767112758527,0.0,0.0,0.0,0.0,0.0,0.0
2182.0,6.477611420773514,0.3301122298594378,0.0,0.0,0.0,0.0,0.0,0.0
2183.0,6.4047774779798905,0.009971817790599729,0.0,0.0,0.0,0.0,0.0,0.0
2184.0,418.3570007747582,366.2754295249603,0.0,0.0,0.36660605559646725,0.16,3.0,0.0
2185.0,58.63866103923545,85.79095725119946,0.0,0.0,0.0,0.0,0.0,0.0
2186.0,8.473675644026944,1.5401450278301505,0.0,0.0,0.0,0.0,0.0,0.0
2187.0,7.306071958554076,1.3449488038651545,0.0,0.0,0.0,0.0,0.0,0.0
2188.0,579.537694644754,729.1069360699458,0.0,0.0,0.0,0.0,0.0,0.0
2189.0,219.38992322554154,328.6263308420448,0.0,0.0,0.0,0.0,0.0,0.0
2190.0,8.41220068289815,0.6711789265751263,0.0,0.0,0.0,0.0,0.0,0.0
2191.0,7.218797018184185,0.9789705449994147,0.0,0.0,0.0,0.0,0.0,0.0
2192.0,2800.9378766118875,2111.508388309814,0.0,0.0,0.36660605559646725,0.16,1.0,0.0
2193.0,1277.3028150761932,2146.9110078890803,0.0,0.0,0.0,0.0,0.0,0.0
2194.0,9.060579502366208,0.9312197439763085,0.0,0.0,0.0,0.0,0.0,0.0
2195.0,5293.912066151821,4876.671403890068,0.0,0.0,0.3,0.1,1.0,0.0
2196.0,5207.529992705358,3415.0730324287447,0.0,0.0,0.0,0.0,0.0,0.0
2197.0,7.646203110072208,3.989319001541836,0.0,0.0,0.0,0.0,0.0,0.0
2198.0,6.4060285552450384,0.0111199832961428,0.0,0.0,0.0,0.0,0.0,0.0
2199.0,1723.1452551932855,1086.8508397247183,0.0,0.0,0.0,0.0,0.0,0.0
2200.0,94.4182452064591,206.819981096149,142.14739912981548,6.303986338076558,0.3570714214271425,0.15,0.0,0.0
2201.0,8.865205049547404,0.7370269949297539,0.0,0.0,0.0,0.0,0.0,0.0
2202.0,94.09365090694304,354.2549715467727,0.0,0.0,0.0,0.0,0.0,0.0
2203.0,2716.49833061762,1034.3649512720049,0.0,0.0,0.0,0.0,0.0,0.0
2204.0,1535.4572225920256,1256.4253602212502,0.0,0.0,0.0,0.0,0.0,0.0
2205.0,9.606267744305722,1.132243392701222,0.0,0.0,0.0,0.0,0.0,0.0
2206.0,16.122425987012488,27.07875797345483,0.0,0.0,0.0,0.0,0.0,0.0
2207.0,2045.6567254651675,875.9139904526033,0.0,0.0,0.0,0.0,0.0,0.0
2208.0,1129.7528685395796,1267.3852016578014,0.0,0.0,0.0,0.0,0.0,0.0
2209.0,9.60944075935372,1.5655693611528805,0.0,0.0,0.0,0.0,0.0,0.0
2210.0,3960.319968659588,3696.1964349202167,0.0,0.0,0.0,0.0,0.0,0.0
2211.0,5642.411394276599,2812.303817232751,0.0,0.0,0.0,0.0,0.0,0.0
2212.0,99.59694088833581,186.39957367559927,120.74882059831629,20.274358264387878,0.4330127018922193,0.25,1.0,0.0
2213.0,6.404800177495036,0.009588826558963938,0.0,0.0,0.0,0.0,0.0,0.0
2214.0,84.89210149438883,153.66652582661152,0.0,0.0,0.31288975694324034,0.11,1.0,0.0
2215.0,2696.451416944532,3876.5701798729738,0.0,0.0,0.4386342439892261,0.26,1.0,0.0
2216.0,9.215967608986332,1.044382792904137,0.0,0.0,0.0,0.0,0.0,0.0
2217.0,4296.682451104421,4558.738903628039,0.0,0.0,0.0,0.0,0.0,0.0
2218.0,7212.457105166957,2176.950773652312,0.0,0.0,0.0,0.0,0.0,0.0
2219.0,93.2951478511437,278.5369593509299,142.40915479427474,2.5388436992704784,0.34698703145794946,0.14,0.0,0.0
2220.0,1634.4508706357885,2331.1669056605483,0.0,0.0,0.4386342439892261,0.26,2.0,0.0
2221.0,561.6312724580129,913.7812610470246,0.0,0.0,0.0,0.0,0.0,0.0
2222.0,1789.5953961016814,3470.7034071614826,0.0,0.0,0.25514701644346144,0.07,1.0,0.0
2223.0,1825.0265732343528,1193.7483245911542,0.0,0.0,0.0,0.0,0.0,0.0
2224.0,409.0085356538566,1011.2250285099561,0.0,0.0,0.0,0.0,0.0,0.0
2225.0,7.615363602383939,1.782861517483079,0.0,0.0,0.0,0.0,0.0,0.0
2226.0,6.402516541710949,0.006972000371238538,0.0,0.0,0.0,0.0,0.0,0.0
2227.0,6.437081612911239,0.209050998142143,0.0,0.0,0.0,0.0,0.0,0.0
2228.0,1675.3276918966562,954.6946816250155,0.0,0.0,0.0,0.0,0.0,0.0
2229.0,2634.2063352975388,3600.469772580582,0.0,0.0,0.0,0.0,0.0,0.0
2230.0,4816.182620082122,3738.758563906028,0.0,0.0,0.0,0.0,0.0,0.0
2231.0,832.8239386182349,1659.4063417468035,0.0,0.0,0.0,0.0,0.0,0.0
2232.0,9.60478575127492,1.0802518126793688,0.0,0.0,0.0,0.0,0.0,0.0
2233.0,43.82584568672509,100.98535056117296,0.0,0.0,0.0,0.0,0.0,0.0
2234.0,5016.82301091086,4183.859299779679,0.0,0.0,0.48,0.36,3.0,0.0
2235.0,4958.9243016871715,2607.493212289517,0.0,0.0,0.0,0.0,0.0,0.0
2236.0,42.642393021476856,82.17571040847812,139.0149353111076,8.674564055271166,0.31288975694324034,0.11,0.0,0.0
2237.0,3057.5947664808145,4067.3127432406914,0.0,0.0,0.4,0.2,1.0,0.0
2238.0,5321.34561230407,2340.4498393297317,0.0,0.0,0.0,0.0,0.0,0.0
2239.0,276.55078594457865,554.139432377492,0.0,0.0,0.3,0.1,1.0,0.0
2240.0,3514.0021614862285,4463.9060562847835,0.0,0.0,0.36660605559646725,0.16,1.0,0.0
2241.0,3626.5738985005987,2894.9895255903366,0.0,0.0,0.3,0.1,1.0,0.0
2242.0,179.42742768771933,525.6389265374764,0.0,0.0,0.0,0.0,0.0,0.0
2243.0,2069.1921432891154,3155.2042389153853,0.0,0.0,0.4330127018922193,0.25,2.0,0.0
2244.0,1088.304506339676,1043.8480584498482,0.0,0.0,0.4270831300812524,0.24,1.0,0.0
2245.0,3814.613855666585,3786.0692397812786,0.0,0.0,0.45825756949558394,0.3,1.0,0.0
2246.0,1851.899405573445,3157.420910134979,0.0,0.0,0.4208325082500164,0.23,1.0,0.0
2247.0,1686.0201004538837,1587.480971415934,0.0,0.0,0.0,0.0,0.0,0.0
2248.0,1810.2071181468918,3159.7017045045823,0.0,0.0,0.4737087712930805,0.34,1.0,0.0
2249.0,4978.036851345893,3990.755388134829,0.0,0.0,0.0,0.0,0.0,0.0
2250.0,9.205222317011506,1.7333865755525915,0.0,0.0,0.0,0.0,0.0,0.0
2251.0,6.508805154713202,0.4586949160155612,0.0,0.0,0.0,0.0,0.0,0.0
2252.0,424.6511257338484,787.307831288683,0.0,0.0,0.0,0.0,0.0,0.0
2253.0,3008.638296465163,2879.4844951292184,0.0,0.0,0.3249615361854384,0.12,1.0,0.0
2254.0,7676.27578406196,3679.71201919051,0.0,0.0,0.33630343441600474,0.13,1.0,0.0
2255.0,3905.7966351980635,4191.817252554038,122.12821396664827,21.81497361549275,0.4769696007084728,0.35,1.0,0.0
2256.0,4089.304168357599,4825.7316406513755,0.0,0.0,0.4386342439892262,0.26,3.0,0.0
2257.0,1788.535171477809,2966.6853270467773,0.0,0.0,0.384187454245971,0.18,2.0,0.0
2258.0,9.380006595816322,3.182745151402209,0.0,0.0,0.0,0.0,0.0,0.0
2259.0,1005.3482576204646,2321.9738980142633,0.0,0.0,0.0,0.0,0.0,0.0
2260.0,532.4447005991124,1152.9153888370731,0.0,0.0,0.0,0.0,0.0,0.0
2261.0,8.202970356126762,1.001193833759713,0.0,0.0,0.0,0.0,0.0,0.0
2262.0,7.221751107832147,0.979262027372338,0.0,0.0,0.0,0.0,0.0,0.0
2263.0,6.40625401245967,0.008863421282229476,0.0,0.0,0.0,0.0,0.0,0.0
2264.0,9.184629794612485,9.319848766880513,0.0,0.0,0.21794494717703367,0.05,1.0,0.0
2265.0,2257.3316198788093,3436.328137896118,0.0,0.0,0.0,0.0,0.0,0.0
2266.0,4650.5353640026515,3529.0992376084596,0.0,0.0,0.384187454245971,0.18,1.0,0.0
2267.0,267.33010668046137,539.5684090255768,0.0,0.0,0.0,0.0,0.0,0.0
2268.0,2397.587672263707,3665.6558964928554,0.0,0.0,0.0,0.0,0.0,0.0
2269.0,679.2256259769977,1260.471875569174,112.40484022388448,19.647627817603635,0.3570714214271425,0.15,2.0,0.0
2270.0,6.404878146648586,0.00982154191800267,0.0,0.0,0.0,0.0,0.0,0.0
2271.0,6.405108597983721,0.007714097117577811,0.0,0.0,0.0,0.0,0.0,0.0
2272.0,3903.407924394922,5000.684057415354,0.0,0.0,0.0,0.0,0.0,0.0
2273.0,5320.943796108457,4717.743393207101,0.0,0.0,0.4,0.2,1.0,0.0
2274.0,3082.4699172662235,5010.788316995772,0.0,0.0,0.0,0.0,0.0,0.0
2275.0,2701.1315376436164,3014.6016454954042,0.0,0.0,0.0,0.0,0.0,0.0
2276.0,12.972791971688558,3.862608691453108,0.0,0.0,0.0,0.0,0.0,0.0
2277.0,5750.289722987185,4234.916186617941,0.0,0.0,0.0,0.0,0.0,0.0
2278.0,11.66545622487101,7.475052831582603,0.0,0.0,0.0,0.0,0.0,0.0
2279.0,6.405383479549966,0.010248226569722678,0.0,0.0,0.0,0.0,0.0,0.0
2280.0,830.7060623966357,1004.7380313909617,0.0,0.0,0.3,0.1,1.0,0.0
2281.0,5132.314939184776,3150.1318480869727,0.0,0.0,0.0,0.0,0.0,0.0
2282.0,566.1240086516476,1094.0696118873554,0.0,0.0,0.34698703145794946,0.14,0.0,0.0
2283.0,1056.6667416799005,2211.4801686626142,0.0,0.0,0.0,0.0,0.0,0.0
2284.0,2540.9672288280008,2213.6988470206798,0.0,0.0,0.0,0.0,0.0,0.0
2285.0,8.902691596547244,4.03015637336737,0.0,0.0,0.0,0.0,0.0,0.0
2286.0,130.6435961452328,417.19388487575253,0.0,0.0,0.0,0.0,0.0,0.0
2287.0,2759.386979015983,2178.2615100832118,0.0,0.0,0.0,0.0,0.0,0.0
2288.0,608.7884244792683,760.2980229673492,92.83846239933473,5.315153137746293,0.41424630354415964,0.22,2.0,0.0
2289.0,9.012950729910798,1.0911923908322139,0.0,0.0,0.0,0.0,0.0,0.0
2290.0,3175.561718919946,2365.9401035026476,0.0,0.0,0.3,0.1,2.0,0.0
2291.0,1364.3367583271704,2346.4397124276193,112.26420652762009,28.03076657680816,0.3,0.1,1.0,0.0
2292.0,34.40047508777567,82.45478683196436,0.0,0.0,0.0,0.0,0.0,0.0
2293.0,237.5792075813771,739.2958571431899,0.0,0.0,0.0,0.0,0.0,0.0
2294.0,3653.5550235385995,2102.7157953587907,0.0,0.0,0.0,0.0,0.0,0.0
2295.0,38.937527285898526,95.46979983310413,0.0,0.0,0.0,0.0,0.0,0.0
2296.0,9.07008266866924,1.1804710064255306,0.0,0.0,0.0,0.0,0.0,0.0
2297.0,2670.5513272556127,1861.9057958012645,0.0,0.0,0.0,0.0,0.0,0.0
2298.0,145.2024364279933,224.90874944082432,0.0,0.0,0.4330127018922193,0.25,4.0,0.0
2299.0,547.7170104816173,2063.960935476374,0.0,0.0,0.0,0.0,0.0,0.0
2300.0,6221.3756997593555,4097.275766504202,0.0,0.0,0.3,0.1,1.0,0.0
2301.0,55.53171117690521,138.7776454620416,0.0,0.0,0.0,0.0,0.0,0.0
2302.0,21.644034246137867,37.15618596605662,0.0,0.0,0.0,0.0,0.0,0.0
2303.0,1382.2641376100553,2216.205182498966,0.0,0.0,0.0,0.0,0.0,0.0
2304.0,470.2139538551611,1047.4429630837817,0.0,0.0,0.384187454245971,0.18,1.0,0.0
2305.0,299.20750823921594,705.4009319741284,0.0,0.0,0.33630343441600474,0.13,2.0,0.0
2306.0,148.8177538415878,268.90992267698977,92.56916520000408,11.044497824998304,0.3249615361854384,0.12,1.0,0.0
2307.0,8.320229616681605,0.7883668913822793,0.0,0.0,0.0,0.0,0.0,0.0
2308.0,3459.3378445288226,3425.7831326532223,0.0,0.0,0.49989998999799945,0.51,4.0,0.0
2309.0,6378.862261250051,3645.008886045751,0.0,0.0,0.3756327994198589,0.83,3.0,0.0
2310.0,3975.0035646651127,2760.6695174252895,0.0,0.0,0.4983974317750845,0.46,3.0,0.0
2311.0,4540.775465492094,2797.5400876027365,0.0,0.0,0.0,0.0,0.0,0.0
2312.0,413.83875071787196,789.5392918722631,137.73923842787246,8.196576955818689,0.49183330509431744,0.41,1.0,0.0
2313.0,3928.5407078681556,4421.491255627377,0.0,0.0,0.3923009049186606,0.19,1.0,0.0
2314.0,37.97073418027876,98.22839677576911,0.0,0.0,0.0,0.0,0.0,0.0
2315.0,270.67373029488886,709.2320169775501,0.0,0.0,0.0,0.0,0.0,0.0
2316.0,4210.836090563943,3973.1239103423945,0.0,0.0,0.4702127178203499,0.33,1.0,0.0
2317.0,6.6321423142035245,0.5730081909200392,0.0,0.0,0.0,0.0,0.0,0.0
2318.0,3122.3801818915167,4405.566423445807,0.0,0.0,0.0,0.0,0.0,0.0
2319.0,4628.350803922575,4844.195071234792,0.0,0.0,0.0,0.0,0.0,0.0
2320.0,746.6026225584549,2139.430472557214,0.0,0.0,0.0,0.0,0.0,0.0
2321.0,4577.352160823253,5155.741118009125,0.0,0.0,0.0,0.0,0.0,0.0
2322.0,20.388212720966347,31.388858900247083,0.0,0.0,0.0,0.0,0.0,0.0
2323.0,6.450753988492108,0.2059739338638785,0.0,0.0,0.0,0.0,0.0,0.0
2324.0,4317.454405286945,3700.7963885331083,0.0,0.0,0.0,0.0,0.0,0.0
2325.0,113.25278232655235,170.5083663282064,0.0,0.0,0.0,0.0,0.0,0.0
2326.0,9.098846108056255,0.9961934402730128,0.0,0.0,0.0,0.0,0.0,0.0
2327.0,3672.071007208034,4068.588102284604,0.0,0.0,0.31288975694324034,0.11,1.0,0.0
2328.0,1474.170844168898,1987.7080794288038,0.0,0.0,0.3923009049186606,0.19,2.0,0.0
2329.0,9.145250006195813,1.1669274049967855,0.0,0.0,0.0,0.0,0.0,0.0
2330.0,959.0799988901018,2064.280073391928,0.0,0.0,0.0,0.0,0.0,0.0
2331.0,4891.175094355616,2602.0527942677168,0.0,0.0,0.0,0.0,0.0,0.0
2332.0,13.9862632869598,6.8903925318317265,0.0,0.0,0.0,0.0,0.0,0.0
2333.0,82.17345966010971,366.9436780513612,0.0,0.0,0.0,0.0,0.0,0.0
2334.0,5626.0731798387515,1784.9930911503423,0.0,0.0,0.0,0.0,0.0,0.0
2335.0,485.1904938473463,989.5256489137319,0.0,0.0,0.0,0.0,0.0,0.0
2336.0,6.405970535062556,0.007951459327869493,0.0,0.0,0.0,0.0,0.0,0.0
2337.0,448.2454326120042,509.4271462108368,0.0,0.0,0.4330127018922193,0.25,2.0,0.0
2338.0,3251.979315014544,2765.9370080834433,135.7423442959558,27.58960488207463,0.4,0.2,2.0,0.0
2339.0,12.329674688729291,8.85123318593319,0.0,0.0,0.0,0.0,0.0,0.0
2340.0,868.5971706775838,1935.7935138870225,0.0,0.0,0.34698703145794946,0.14,2.0,0.0
2341.0,3492.6490595690084,2515.5530332688168,0.0,0.0,0.0,0.0,0.0,0.0
2342.0,1169.1465450096402,1963.4346047027109,0.0,0.0,0.4537620521815371,0.29,1.0,0.0
2343.0,6.403885836479422,0.011180741243212472,0.0,0.0,0.0,0.0,0.0,0.0
2344.0,1792.536645239171,2376.7272390320086,0.0,0.0,0.0,0.0,0.0,0.0
2345.0,190.8356559792544,676.3005525643017,0.0,0.0,0.0,0.0,0.0,0.0
2346.0,1855.5048460374437,2269.5790884386997,0.0,0.0,0.0,0.0,0.0,0.0
2347.0,1496.277338689432,2053.8593779524404,0.0,0.0,0.3,0.1,1.0,0.0
2348.0,1263.818273748946,2880.7759569128684,0.0,0.0,0.0,0.0,0.0,0.0
2349.0,6422.5947646749055,4091.083461520698,127.88069046924737,5.395354024641716,0.4439594576084623,0.73,3.0,0.0
2350.0,3270.744620067308,3066.7677032682377,126.81792538295313,10.18480121531045,0.49989998999799945,0.49,2.0,0.0
2351.0,3427.886119847337,2900.7505199642756,0.0,0.0,0.4950757517794625,0.43,4.0,0.0
2352.0,2742.6029979213545,2515.2606894847636,115.46704041924058,3.1586948484566513,0.34698703145794946,0.14,1.0,0.0
2353.0,554.05463921329,1134.2927559856798,0.0,0.0,0.34698703145794946,0.14,0.0,0.0
2354.0,3029.923152516314,3689.5482417521566,0.0,0.0,0.0,0.0,0.0,0.0
2355.0,4220.276914662574,4523.1192672022,0.0,0.0,0.4330127018922193,0.25,3.0,0.0
2356.0,185.27165514561653,572.0271889937374,0.0,0.0,0.3,0.1,0.0,0.0
2357.0,4961.362172248833,3278.0375184520085,132.37289022667136,21.26116375116993,0.31288975694324034,0.11,2.0,0.0
2358.0,11.533626945726956,6.351863501231429,0.0,0.0,0.0,0.0,0.0,0.0
2359.0,4488.941056647349,4326.70834189253,0.0,0.0,0.4330127018922193,0.25,2.0,0.0
2360.0,5144.325097334576,4444.43354447453,0.0,0.0,0.3923009049186606,0.19,2.0,0.0
2361.0,11.515499240869026,7.209078043172185,0.0,0.0,0.0,0.0,0.0,0.0
2362.0,2674.327971440826,4259.761790814865,0.0,0.0,0.44395945760846234,0.27,1.0,0.0
2363.0,1621.2240351226512,2713.3791755089705,0.0,0.0,0.407308237088326,0.21,1.0,0.0
2364.0,4362.87728216925,4682.734194647473,0.0,0.0,0.3249615361854384,0.12,1.0,0.0
2365.0,1551.7895803885958,2829.003499816786,0.0,0.0,0.384187454245971,0.18,0.0,0.0
2366.0,147.12536330747426,593.091928175769,0.0,0.0,0.0,0.0,0.0,0.0
2367.0,430.8478674719725,808.3250700713796,0.0,0.0,0.407308237088326,0.21,1.0,0.0
2368.0,8.315177103142755,1.2309099728229336,0.0,0.0,0.0,0.0,0.0,0.0
2369.0,7.159465232912282,1.0028090493343873,0.0,0.0,0.0,0.0,0.0,0.0
2370.0,2967.9536645348276,3886.4489118711167,0.0,0.0,0.4537620521815372,0.29,2.0,0.0
2371.0,6100.448160544592,3957.5798569602707,0.0,0.0,0.4208325082500162,0.77,4.0,0.0
2372.0,4723.096644313443,2241.1980915991194,0.0,0.0,0.4950757517794625,0.43,2.0,0.0
2373.0,4077.5263167389617,2986.3641786119306,0.0,0.0,0.4877499359302879,0.39,2.0,0.0
2374.0,530.6318793257187,855.6668853387957,0.0,0.0,0.453762052181537,0.29,2.0,0.0
2375.0,5803.351003615252,4812.693976848387,0.0,0.0,0.34698703145794946,0.14,1.0,0.0
2376.0,3478.138155908421,2889.702157523057,143.6905055269909,30.84639795468125,0.4737087712930805,0.34,2.0,0.0
2377.0,12.018945526673292,3.3432605470651624,0.0,0.0,0.0,0.0,0.0,0.0
2378.0,5716.957493607059,4470.6573994495675,0.0,0.0,0.3570714214271425,0.15,4.0,0.0
2379.0,6319.938713267891,3020.918715525277,0.0,0.0,0.0,0.0,0.0,0.0
2380.0,1128.4787577187915,2447.988180083498,0.0,0.0,0.0,0.0,0.0,0.0
2381.0,4019.4727571262956,4097.8821320862535,129.84580708184598,9.536850854137068,0.3756327994198589,0.17,1.0,0.0
2382.0,233.2341879843296,514.8283718364655,145.0545572482094,4.270081227146382,0.3923009049186606,0.19,1.0,0.0
2383.0,4022.748987474817,4359.660614971401,0.0,0.0,0.39230090491866065,0.19,3.0,0.0
2384.0,39.0772873595804,76.85779757217647,150.15208426310545,6.226068127377647,0.34698703145794946,0.14,0.0,0.0
2385.0,2064.3190515370607,3189.590399849047,0.0,0.0,0.4853864439804639,0.38,2.0,0.0
2386.0,11.518918520885927,8.654867775960378,0.0,0.0,0.0,0.0,0.0,0.0
2387.0,4589.908451275118,2821.997214648102,0.0,0.0,0.0,0.0,0.0,0.0
2388.0,1626.9145468875934,2574.3481316419184,134.3641836534305,11.43017049044443,0.3249615361854384,0.12,0.0,0.0
2389.0,9.804603880324024,3.9929604421700735,0.0,0.0,0.0,0.0,0.0,0.0
2390.0,4370.775228369442,3507.0413573734227,0.0,0.0,0.3,0.1,0.0,0.0
2391.0,862.514860338611,1740.0627706102955,0.0,0.0,0.3570714214271425,0.15,1.0,0.0
2392.0,9.803870504338974,1.492689352773984,0.0,0.0,0.0,0.0,0.0,0.0
2393.0,3579.9973267689907,3409.1286919608156,0.0,0.0,0.3249615361854384,0.12,1.0,0.0
2394.0,214.55762677639194,426.1063350201771,0.0,0.0,0.3570714214271425,0.15,2.0,0.0
2395.0,739.3934142317006,2352.9919555612296,0.0,0.0,0.33630343441600474,0.13,0.0,0.0
2396.0,7807.661184900648,4084.318166877436,0.0,0.0,0.0,0.0,0.0,1.0
2397.0,1908.372797300544,3643.4494215038567,0.0,0.0,0.3570714214271425,0.15,1.0,0.0
2398.0,692.8397388661632,1269.5421711211711,0.0,0.0,0.0,0.0,0.0,0.0
2399.0,244.66643265436517,738.8034646827577,149.5434340765593,8.285762790584252,0.3,0.1,1.0,0.0
2400.0,3609.503612528445,5239.606185089206,0.0,0.0,0.0,0.0,0.0,0.0
2401.0,4148.425349583219,3398.550876175606,0.0,0.0,0.0,0.0,0.0,0.0
2402.0,10.148076914633249,3.089974830219861,0.0,0.0,0.0,0.0,0.0,0.0
2403.0,9.220689201567522,1.586249362689106,0.0,0.0,0.0,0.0,0.0,0.0
2404.0,6926.731012922462,3565.64320132461,0.0,0.0,0.4918333050943175,0.41,4.0,0.0
2405.0,7239.434967925892,3027.6678820442917,0.0,0.0,0.0,0.0,0.0,0.0
2406.0,6922.857772564394,2714.1664170207064,0.0,0.0,0.0,0.0,0.0,0.0
2407.0,3865.9368331682094,3848.4067267666856,0.0,0.0,0.0,0.0,0.0,0.0
2408.0,10.009035593827356,2.0915364390364473,0.0,0.0,0.0,0.0,0.0,0.0
2409.0,12.051318756862358,12.199049398903592,0.0,0.0,0.21794494717703367,0.05,0.0,0.0
2410.0,891.0566037034058,568.3385263983693,0.0,0.0,0.0,0.0,0.0,0.0
2411.0,269.2691534053467,347.6035322667112,99.140133156008,10.603289419901985,0.4386342439892262,0.26,2.0,0.0
2412.0,8.918531616119754,1.024765017071603,0.0,0.0,0.0,0.0,0.0,0.0
2413.0,7.81092782579592,1.343570062275843,0.0,0.0,0.0,0.0,0.0,0.0
2414.0,435.6630514294282,695.3067059346306,0.0,0.0,0.45376205218153703,0.29,1.0,0.0
2415.0,40.12569590584368,97.61627709424837,0.0,0.0,0.19595917942265423,0.04,0.0,0.0
2416.0,1163.2986973359898,1201.8193047032894,0.0,0.0,0.0,0.0,0.0,0.0
2417.0,9.104904032493906,2.3004888902312253,0.0,0.0,0.0,0.0,0.0,0.0
2418.0,6354.047116755892,4165.092725245463,0.0,0.0,0.31288975694324034,0.11,0.0,0.0
2419.0,611.1244948274158,925.8143003412599,0.0,0.0,0.3923009049186606,0.19,1.0,0.0
2420.0,1989.6125169976935,3390.925248118179,0.0,0.0,0.3,0.1,1.0,0.0
2421.0,444.91671083873393,642.8307208974168,0.0,0.0,0.0,0.0,0.0,0.0
2422.0,8.66919168713025,1.9295532266339734,0.0,0.0,0.0,0.0,0.0,0.0
2423.0,2174.869339378418,2304.5642778905467,0.0,0.0,0.4918333050943175,0.41,2.0,0.0
2424.0,1045.7222810289093,1260.5920632558234,0.0,0.0,0.3,0.1,1.0,0.0
2425.0,278.4541267569899,643.2785600605174,0.0,0.0,0.0,0.0,0.0,0.0
2426.0,61.221361206749506,79.7445759958841,0.0,0.0,0.4142463035441596,0.22,2.0,0.0
2427.0,30.75779661719826,20.414604988699722,0.0,0.0,0.0,0.0,0.0,0.0
2428.0,14.705673670215303,5.6407088305965525,0.0,0.0,0.0,0.0,0.0,0.0
2429.0,345.7477266075118,1054.4352371173716,0.0,0.0,0.19595917942265423,0.04,1.0,0.0
2430.0,58.64453368335327,131.69502374378942,0.0,0.0,0.0,0.0,0.0,0.0
2431.0,12.646128467238276,2.187372895378581,0.0,0.0,0.0,0.0,0.0,0.0
2432.0,271.6821412614578,265.67431050207426,0.0,0.0,0.45376205218153703,0.29,1.0,0.0
2433.0,124.19447595320311,198.91306071562715,0.0,0.0,0.3923009049186606,0.19,1.0,0.0
2434.0,6.40141741574576,0.007562488679415594,0.0,0.0,0.0,0.0,0.0,0.0
2435.0,6.40580973660307,0.011584190792138831,0.0,0.0,0.0,0.0,0.0,0.0
2436.0,2947.9450792224393,3626.022260204013,0.0,0.0,0.4918333050943175,0.41,3.0,0.0
2437.0,6781.6429493793285,4483.195148368249,129.16786779681576,13.765145515181961,0.49989998999799945,0.49,2.0,0.0
2438.0,5108.093984704635,3022.4425363091445,119.56012350841968,1.4630254201236736,0.4737087712930804,0.66,3.0,0.0
2439.0,2987.4400028442747,2033.2335173213796,0.0,0.0,0.47696960070847283,0.35,2.0,0.0
2440.0,1806.1940789493879,2878.7569120755566,0.0,0.0,0.4,0.2,0.0,0.0
2441.0,3072.797002409845,4429.544356549224,0.0,0.0,0.2712931993250107,0.08,1.0,0.0
2442.0,4044.303029680098,4352.640731195492,0.0,0.0,0.48,0.36,2.0,0.0
2443.0,7.794582005791582,0.6658377071809399,0.0,0.0,0.0,0.0,0.0,0.0
2444.0,2981.8437620657437,2852.79267786856,0.0,0.0,0.31288975694324034,0.11,0.0,0.0
2445.0,1542.8457914415883,1635.2965487341614,0.0,0.0,0.0,0.0,0.0,0.0
2446.0,8.267202096776938,0.6305306088836387,0.0,0.0,0.0,0.0,0.0,0.0
2447.0,1233.6418543531324,1689.670212345573,0.0,0.0,0.485386443980464,0.38,1.0,0.0
2448.0,3245.9415367332554,3360.6124960125703,123.91008270754077,10.191204561965598,0.4270831300812525,0.24,1.0,0.0
2449.0,7.073454465605633,1.6583311121874433,0.0,0.0,0.0,0.0,0.0,0.0
2450.0,7501.8095386336245,4002.6785503883725,0.0,0.0,0.0,0.0,0.0,0.0
2451.0,883.9024623969566,2017.7830053892371,144.16594451026708,3.938727501079768,0.49507575177946245,0.43,1.0,0.0
2452.0,4392.167580034219,4568.313983354488,0.0,0.0,0.0,0.0,0.0,0.0
2453.0,419.1827004388656,817.3388432920581,0.0,0.0,0.3,0.1,1.0,0.0
2454.0,1198.2491592540882,2596.7713993827356,0.0,0.0,0.0,0.0,0.0,0.0
2455.0,3858.697649645551,3764.704165250974,0.0,0.0,0.0,0.0,0.0,0.0
2456.0,12.487346200497669,7.2481104670575265,0.0,0.0,0.0,0.0,0.0,0.0
2457.0,3308.8675187676745,3294.1680877180224,0.0,0.0,0.3,0.1,0.0,0.0
2458.0,2076.2628595600268,3003.1924208416294,126.46283516439047,14.532469275395728,0.44899888641287283,0.28,2.0,0.0
2459.0,10.78230862521895,8.965607536855625,0.0,0.0,0.0,0.0,0.0,0.0
2460.0,7287.050519202138,4635.896768309584,0.0,0.0,0.0,0.0,0.0,0.0
2461.0,1540.587944576308,2866.398630591314,0.0,0.0,0.0,0.0,0.0,0.0
2462.0,9.6623842107176,1.4766085675900937,0.0,0.0,0.0,0.0,0.0,0.0
2463.0,3149.6314711701375,5305.580057151072,0.0,0.0,0.0,0.0,0.0,0.0
2464.0,5858.50761151214,4359.4137524136,0.0,0.0,0.0,0.0,0.0,0.0
2465.0,7235.896617647166,4367.320920377694,0.0,0.0,0.0,0.0,0.0,0.0
2466.0,5016.972593501875,3259.0986504038915,0.0,0.0,0.3249615361854384,0.12,1.0,0.0
2467.0,1624.376803233048,2986.418097097828,0.0,0.0,0.3756327994198589,0.17,0.0,0.0
2468.0,2190.732046764502,3431.645932614365,0.0,0.0,0.32496153618543844,0.12,0.0,0.0
2469.0,385.56844157988075,791.5722794807901,141.91623351818015,5.509982975549197,0.42708313008125254,0.24,2.0,0.0
2470.0,9.102950332453968,5.918285725137308,0.0,0.0,0.0,0.0,0.0,0.0
2471.0,6.403101295657937,0.008216164719090263,0.0,0.0,0.0,0.0,0.0,0.0
2472.0,828.2776453445825,2211.9688350545516,0.0,0.0,0.0,0.0,0.0,0.0
2473.0,1925.865135135917,4368.794163555306,0.0,0.0,0.31288975694324034,0.11,2.0,0.0
2474.0,5458.548140151721,2389.615049407219,0.0,0.0,0.0,0.0,0.0,0.0
2475.0,43.682309536648816,97.86381094157741,144.3396199720872,4.3964612956334195,0.3363034344160047,0.13,0.0,0.0
2476.0,4670.460353932229,5375.838642521677,0.0,0.0,0.41424630354415964,0.22,1.0,0.0
2477.0,84.9362621980959,205.3108365965681,138.42133655627075,4.531357910503004,0.3756327994198589,0.17,0.0,0.0
2478.0,9.936934788918045,1.3958592873417206,0.0,0.0,0.0,0.0,0.0,0.0
2479.0,1495.8384306251887,1565.062134828392,0.0,0.0,0.0,0.0,0.0,0.0
2480.0,1869.605727535022,1900.815620714476,0.0,0.0,0.384187454245971,0.18,0.0,0.0
2481.0,9.010502286296514,0.7021869388056037,0.0,0.0,0.0,0.0,0.0,0.0
2482.0,4828.029428537246,3784.2955215963702,0.0,0.0,0.0,0.0,0.0,0.0
2483.0,29.987759942137544,55.53728795642516,0.0,0.0,0.0,0.0,0.0,0.0
2484.0,600.7081757989181,1690.6415214929589,0.0,0.0,0.32496153618543844,0.12,0.0,0.0
2485.0,3232.3794987432752,2994.6221093743384,0.0,0.0,0.4270831300812525,0.24,1.0,0.0
2486.0,1410.179259936459,1693.620265810252,0.0,0.0,0.4,0.2,2.0,0.0
2487.0,10.249673394049791,2.1195119788693044,0.0,0.0,0.0,0.0,0.0,0.0
2488.0,973.3188029295395,1666.888512597787,0.0,0.0,0.4330127018922193,0.25,2.0,0.0
2489.0,4340.279857053596,3145.5066541883652,0.0,0.0,0.0,0.0,0.0,0.0
2490.0,9.693291962010187,4.51045429467682,0.0,0.0,0.0,0.0,0.0,0.0
2491.0,1153.5559209494909,1523.3740301143637,0.0,0.0,0.0,0.0,0.0,0.0
2492.0,8182.11117237142,2781.650454566436,0.0,0.0,0.0,0.0,0.0,0.0
2493.0,1088.128056413856,2398.1101483988386,0.0,0.0,0.37563279941985894,0.17,1.0,0.0
2494.0,4809.966473437716,4598.202727245395,0.0,0.0,0.36660605559646725,0.16,1.0,0.0
2495.0,2801.172086858025,3727.6133056698186,0.0,0.0,0.5,0.5,2.0,0.0
2496.0,2521.89535418462,3760.2405664063276,0.0,0.0,0.0,0.0,0.0,0.0
2497.0,5086.35837948894,4312.3054067764015,0.0,0.0,0.375632799419859,0.17,1.0,0.0
2498.0,9.069891514767521,4.8270580651163115,0.0,0.0,0.0,0.0,0.0,0.0
2499.0,6116.220894976501,4740.088225732428,133.4944099362373,26.505486896083465,0.4270831300812525,0.24,2.0,0.0
2500.0,97.181069548374,299.7238261422209,0.0,0.0,0.0,0.0,0.0,0.0
2501.0,8.466882049503392,0.8883968882145616,0.0,0.0,0.0,0.0,0.0,0.0
2502.0,6265.888975180935,3725.7589786674243,0.0,0.0,0.0,0.0,0.0,0.0
2503.0,5889.906342153225,3749.1320844481043,0.0,0.0,0.0,0.0,0.0,0.0
2504.0,285.81764301348096,752.2321349917404,0.0,0.0,0.0,0.0,0.0,0.0
2505.0,5648.948177504104,4093.0444563091587,0.0,0.0,0.49839743177508444,0.46,1.0,0.0
2506.0,1917.6779953832918,2957.8959371297647,0.0,0.0,0.34698703145794946,0.14,2.0,0.0
2507.0,50.56553620621541,200.81390063380428,0.0,0.0,0.0,0.0,0.0,0.0
2508.0,1150.6695992550601,1994.3377031810555,0.0,0.0,0.4330127018922193,0.25,1.0,0.0
2509.0,2271.144028527128,3179.1060891651214,0.0,0.0,0.0,0.0,0.0,0.0
2510.0,6.8181176246248745,1.130200821500977,0.0,0.0,0.0,0.0,0.0,0.0
2511.0,921.6585775577481,1412.8988317607943,0.0,0.0,0.3570714214271425,0.15,2.0,0.0
2512.0,1454.6207934719691,2055.0327114184256,0.0,0.0,0.0,0.0,0.0,0.0
2513.0,8.818241257777018,1.0016659003500152,0.0,0.0,0.0,0.0,0.0,0.0
2514.0,2310.799389536443,2622.946468529415,0.0,0.0,0.4,0.2,2.0,0.0
2515.0,162.36768378759788,341.74256029508535,0.0,0.0,0.3249615361854384,0.12,1.0,0.0
2516.0,8.199744445158084,4.918644407030385,0.0,0.0,0.0,0.0,0.0,0.0
2517.0,454.74871692287934,660.634579826065,0.0,0.0,0.4386342439892262,0.26,2.0,0.0
2518.0,3221.278450053694,3132.6420920462115,0.0,0.0,0.375632799419859,0.17,1.0,0.0
2519.0,27.640293008775128,46.12977602067717,147.75910451325888,3.27599616795561,0.3249615361854384,0.12,0.0,0.0
2520.0,2266.485229441825,3477.783313596776,0.0,0.0,0.0,0.0,0.0,0.0
2521.0,3711.55788433113,5537.564553984445,0.0,0.0,0.3570714214271425,0.15,2.0,0.0
2522.0,3226.4599863435387,3425.591962684132,119.05367003012552,22.192668887475826,0.3756327994198589,0.17,1.0,0.0
2523.0,2009.4121884659905,2913.343218489215,119.47314188916816,26.030761141000994,0.4386342439892262,0.26,1.0,0.0
2524.0,9.028829397287184,1.6215698138659238,0.0,0.0,0.0,0.0,0.0,0.0
2525.0,5258.153480554266,3760.4428535907177,0.0,0.0,0.45825756949558394,0.3,3.0,0.0
2526.0,4187.379991912872,3761.4061283991196,0.0,0.0,0.34698703145794946,0.14,1.0,0.0
2527.0,551.793113793041,1432.5605269784644,0.0,0.0,0.3249615361854384,0.12,1.0,0.0
2528.0,5763.0587367567905,4094.584430345451,111.40884607119145,43.17389445416094,0.4737087712930804,0.34,2.0,0.0
2529.0,374.2812050285535,725.2672001531236,0.0,0.0,0.0,0.0,0.0,0.0
2530.0,226.1571477607965,571.8201879790658,0.0,0.0,0.0,0.0,0.0,0.0
2531.0,623.37281544286,910.8881794091716,115.19725045053735,14.566210850173219,0.31288975694324034,0.11,2.0,0.0
2532.0,331.18694949790864,909.7170392047325,0.0,0.0,0.0,0.0,0.0,0.0
2533.0,34.38405432514874,66.53879442390598,0.0,0.0,0.0,0.0,0.0,0.0
2534.0,910.2662201573368,1687.6905304134682,0.0,0.0,0.4073082370883261,0.21,1.0,0.0
2535.0,10.180016287419834,8.578297388546813,0.0,0.0,0.0,0.0,0.0,0.0
2536.0,6.405029834507406,0.00875971628011442,0.0,0.0,0.0,0.0,0.0,0.0
2537.0,6.405609558113333,0.009041632572191845,0.0,0.0,0.0,0.0,0.0,0.0
2538.0,6.402152957845909,0.013064359973463054,0.0,0.0,0.0,0.0,0.0,0.0
2539.0,114.44775305708285,603.8865471103073,0.0,0.0,0.0,0.0,0.0,0.0
2540.0,8540.193307899634,2364.692182356943,0.0,0.0,0.0,0.0,0.0,0.0
2541.0,4877.927233103183,3129.832729675605,0.0,0.0,0.0,0.0,0.0,0.0
2542.0,523.1926791818835,1483.8149798721815,0.0,0.0,0.3363034344160047,0.13,0.0,0.0
2543.0,554.4712815008011,2041.7407173670622,0.0,0.0,0.0,0.0,0.0,0.0
2544.0,6627.684875635435,2911.215563713764,0.0,0.0,0.0,0.0,0.0,0.0
2545.0,6444.339277522438,2659.2255030481765,0.0,0.0,0.0,0.0,0.0,0.0
2546.0,7816.163875337733,2452.6430678681522,0.0,0.0,0.0,0.0,0.0,0.0
2547.0,2943.2209899364334,3318.7300532594004,0.0,0.0,0.0,0.0,0.0,0.0
2548.0,1178.4657533773889,2111.822018998986,0.0,0.0,0.3570714214271425,0.15,0.0,0.0
2549.0,5745.808454061772,1737.9691822584523,0.0,0.0,0.0,0.0,0.0,0.0
2550.0,2803.490083465869,2247.875125462243,119.82535502683083,12.968847675875088,0.34698703145794946,0.14,2.0,0.0
2551.0,8.702509983710929,0.632206384158361,0.0,0.0,0.0,0.0,0.0,0.0
2552.0,1440.0279440236711,1220.753234329022,0.0,0.0,0.46249324319388707,0.31,2.0,0.0
2553.0,522.49964500569,709.3773215299938,0.0,0.0,0.0,0.0,0.0,0.0
2554.0,6.862136328527351,0.8035854352488042,0.0,0.0,0.0,0.0,0.0,0.0
2555.0,3584.960899513715,3052.361575693396,0.0,0.0,0.0,0.0,0.0,0.0
2556.0,2255.545632160995,3017.5114636354892,0.0,0.0,0.4073082370883261,0.21,2.0,0.0
2557.0,8.356647861533508,0.6701869826853167,0.0,0.0,0.0,0.0,0.0,0.0
2558.0,2211.034874903132,1907.2976362743025,0.0,0.0,0.0,0.0,0.0,0.0
2559.0,1043.4185110203846,1156.8699262501166,0.0,0.0,0.0,0.0,0.0,0.0
2560.0,7.6394862646327875,1.7378735946364494,0.0,0.0,0.0,0.0,0.0,0.0
2561.0,1258.0844038761059,1324.8917967943305,0.0,0.0,0.33630343441600474,0.13,1.0,0.0
2562.0,2664.870638888545,1476.8958437961824,0.0,0.0,0.0,0.0,0.0,0.0
2563.0,275.70274244677023,362.6220759104499,0.0,0.0,0.3249615361854384,0.12,1.0,0.0
2564.0,331.45443182685295,487.1731702770777,0.0,0.0,0.0,0.0,0.0,0.0
2565.0,2789.8885435100547,1079.196958033635,0.0,0.0,0.0,0.0,0.0,0.0
2566.0,104.8930996144861,210.42313462582854,105.02426311724803,14.849691973573115,0.4,0.2,1.0,0.0
2567.0,238.61376561701556,755.5297179641685,0.0,0.0,0.0,0.0,0.0,0.0
2568.0,2660.8209400426895,759.1944481358322,0.0,0.0,0.0,0.0,0.0,0.0
2569.0,158.4126359138679,311.2545284173737,143.8664485179682,4.3661277709318345,0.3363034344160047,0.13,1.0,0.0
2570.0,55.47185155307714,129.86492225819347,0.0,0.0,0.3,0.1,1.0,0.0
2571.0,2004.8506771515845,1047.3820286075404,0.0,0.0,0.0,0.0,0.0,0.0
2572.0,2924.787708157684,2870.653898991781,139.21971722391962,5.22715622854405,0.3,0.1,0.0,0.0
2573.0,35.38335463365036,173.78085359279254,0.0,0.0,0.0,0.0,0.0,0.0
2574.0,7836.628376145048,4208.799864394508,0.0,0.0,0.3,0.1,1.0,0.0
2575.0,1531.1871650631354,3192.0742132471355,127.98054526008721,16.382239045868875,0.4386342439892262,0.26,1.0,0.0
2576.0,4253.652019374244,3932.481324535145,0.0,0.0,0.0,0.0,0.0,0.0
2577.0,9.342163557153732,1.1381284572059158,0.0,0.0,0.0,0.0,0.0,0.0
2578.0,191.4207262335114,799.4828179324992,0.0,0.0,0.0,0.0,0.0,0.0
2579.0,934.2392113217396,1279.9702705819832,135.9997794403485,16.62104386714028,0.44899888641287283,0.28,1.0,0.0
2580.0,468.9383542910954,1071.123708341735,0.0,0.0,0.0,0.0,0.0,0.0
2581.0,1302.946175656266,3253.906182362692,0.0,0.0,0.0,0.0,0.0,0.0
2582.0,3443.554530846181,4229.647472393644,0.0,0.0,0.31288975694324034,0.11,1.0,0.0
2583.0,570.7169844070851,1617.1627159400875,144.08887198032352,7.681676340331463,0.4208325082500164,0.23,0.0,0.0
2584.0,1276.0671694274333,2415.6891899236593,0.0,0.0,0.0,0.0,0.0,0.0
2585.0,2021.7082999753184,1884.6797945130015,0.0,0.0,0.0,0.0,0.0,0.0
2586.0,81.30723755587479,147.8172368713425,0.0,0.0,0.0,0.0,0.0,0.0
2587.0,2885.6165109046206,2492.610235566338,0.0,0.0,0.41424630354415964,0.22,1.0,0.0
2588.0,2009.4498553900985,1577.4749112570537,0.0,0.0,0.48989794855663565,0.4,3.0,0.0
2589.0,8.434566863720098,1.1370072156399265,0.0,0.0,0.0,0.0,0.0,0.0
2590.0,4686.595780522682,4167.405569783662,0.0,0.0,0.0,0.0,0.0,0.0
2591.0,1467.0510711401826,1175.2958709663767,137.0451419208149,12.20823557483473,0.3,0.1,1.0,0.0
2592.0,12.43939733816063,12.784728714241604,0.0,0.0,0.0,0.0,0.0,0.0
2593.0,3535.1961796328424,3619.090549591441,0.0,0.0,0.3,0.1,1.0,0.0
2594.0,1706.8705830968797,1439.8649044048925,0.0,0.0,0.462493243193887,0.31,5.0,0.0
2595.0,10.698963217205563,2.10550648631007,0.0,0.0,0.0,0.0,0.0,0.0
2596.0,4039.7909486139297,3702.6861884613318,0.0,0.0,0.0,0.0,0.0,0.0
2597.0,2498.773452944973,3559.5635397418655,0.0,0.0,0.3923009049186606,0.19,2.0,0.0
2598.0,11.222726659896493,6.788943307186801,0.0,0.0,0.0,0.0,0.0,0.0
2599.0,4889.033003157445,4374.128765591688,0.0,0.0,0.4,0.2,1.0,0.0
2600.0,4130.003809680497,3743.8930245470297,0.0,0.0,0.4270831300812525,0.24,2.0,0.0
2601.0,95.88890324783837,370.6929833583835,0.0,0.0,0.19595917942265423,0.04,0.0,0.0
2602.0,3654.5293482490547,3713.085972868812,0.0,0.0,0.0,0.0,0.0,0.0
2603.0,24.38679259087849,32.38569623553744,0.0,0.0,0.0,0.0,0.0,0.0
2604.0,5687.31578230073,3919.3819897988424,0.0,0.0,0.3570714214271425,0.15,1.0,0.0
2605.0,123.34672951715612,315.22555998855927,139.40218023027643,3.5463760467035574,0.3363034344160047,0.13,0.0,0.0
2606.0,1666.4965567830855,2844.7833888144964,0.0,0.0,0.0,0.0,0.0,0.0
2607.0,3488.243104452101,2446.348251987368,0.0,0.0,0.4769696007084728,0.35,2.0,0.0
2608.0,26.4178158746106,11.330795519389653,0.0,0.0,0.0,0.0,0.0,0.0
2609.0,4046.932355653833,3869.2784715891225,0.0,0.0,0.4898979485566356,0.4,4.0,0.0
2610.0,5243.010848336967,3305.45820951047,0.0,0.0,0.4142463035441596,0.78,5.0,0.0
2611.0,2830.015383801864,2314.40760920477,0.0,0.0,0.49909918853871116,0.47,4.0,0.0
2612.0,3211.1637900943183,1996.7851839342513,0.0,0.0,0.4330127018922193,0.25,1.0,0.0
2613.0,4178.1239074172245,4547.101783119282,0.0,0.0,0.0,0.0,0.0,0.0
2614.0,3320.144796468398,4139.532518346488,0.0,0.0,0.44899888641287283,0.28,4.0,0.0
2615.0,326.04025363477433,786.788370883284,0.0,0.0,0.3363034344160047,0.13,0.0,0.0
2616.0,8.438012269602705,1.2215479315658577,0.0,0.0,0.0,0.0,0.0,0.0
2617.0,501.45774984329114,941.161134685864,0.0,0.0,0.36660605559646725,0.16,0.0,0.0
2618.0,2462.2166908711656,1703.0266124717366,0.0,0.0,0.0,0.0,0.0,0.0
2619.0,40.795219565345036,88.61529776610857,142.22593982838873,7.6275517389328025,0.31288975694324034,0.11,0.0,0.0
2620.0,534.8802919072523,961.3670575366303,0.0,0.0,0.33630343441600474,0.13,2.0,0.0
2621.0,1181.8574979063255,1196.6370056213273,110.68699182021021,16.069986322182203,0.4270831300812525,0.24,4.0,0.0
2622.0,326.48771567489797,704.421427817498,0.0,0.0,0.3363034344160047,0.13,1.0,0.0
2623.0,2562.068954185787,4457.594759040238,0.0,0.0,0.31288975694324034,0.11,1.0,0.0
2624.0,5414.268141817123,5190.200553727471,0.0,0.0,0.0,0.0,0.0,0.0
2625.0,1562.5527225706871,3187.8112334436155,0.0,0.0,0.0,0.0,0.0,0.0
2626.0,760.0214640703015,1902.4631588439306,0.0,0.0,0.4,0.2,1.0,0.0
2627.0,8.490176793051837,1.6652181663120904,0.0,0.0,0.0,0.0,0.0,0.0
2628.0,131.48799429794647,494.0207731348487,0.0,0.0,0.0,0.0,0.0,0.0
2629.0,5087.596957249347,3460.4584102116128,0.0,0.0,0.384187454245971,0.18,1.0,0.0
2630.0,159.1038438232648,230.17086735419795,0.0,0.0,0.0,0.0,0.0,0.0
2631.0,9.057720917151784,1.6402260910292652,0.0,0.0,0.0,0.0,0.0,0.0
2632.0,1165.788932857297,1394.69472619864,0.0,0.0,0.0,0.0,0.0,0.0
2633.0,1071.5781885663541,1151.2904874972423,0.0,0.0,0.0,0.0,0.0,0.0
2634.0,403.0849551296553,666.7430236607329,0.0,0.0,0.37563279941985894,0.17,0.0,0.0
2635.0,61.66880510990584,192.611142329744,0.0,0.0,0.0,0.0,0.0,0.0
2636.0,3813.221753273673,3630.376024112969,0.0,0.0,0.33630343441600474,0.13,1.0,0.0
2637.0,9.462457664921107,6.8059235145969685,0.0,0.0,0.0,0.0,0.0,0.0
2638.0,6.4054972963212045,0.010244838434207839,0.0,0.0,0.0,0.0,0.0,0.0
2639.0,4237.298824396571,2386.6414758919204,0.0,0.0,0.0,0.0,0.0,0.0
2640.0,345.29261327649476,347.69690205261054,0.0,0.0,0.4073082370883261,0.21,1.0,0.0
2641.0,11.001618028881575,5.628384515910611,0.0,0.0,0.0,0.0,0.0,0.0
2642.0,4046.453937690113,3831.768411819143,0.0,0.0,0.4386342439892262,0.26,1.0,0.0
2643.0,1456.1802679312461,2619.761153146589,0.0,0.0,0.3249615361854384,0.12,0.0,0.0
2644.0,826.7288999393743,2638.259990763712,0.0,0.0,0.0,0.0,0.0,0.0
2645.0,3786.851824645699,4248.842617191074,0.0,0.0,0.0,0.0,0.0,0.0
2646.0,40.91329695806328,54.979705311989505,138.834665103558,6.884909103504313,0.3570714214271425,0.15,0.0,0.0
2647.0,1213.7799062912613,1163.1123231812828,0.0,0.0,0.0,0.0,0.0,0.0
2648.0,168.38628351570486,405.2071728719165,0.0,0.0,0.4,0.2,1.0,0.0
2649.0,5109.240519150186,3508.739733994977,131.7309046562061,5.531794302670244,0.4990991885387111,0.53,4.0,0.0
2650.0,3206.655809576818,3124.717131498961,0.0,0.0,0.49989998999799945,0.49,4.0,0.0
2651.0,1958.3674727017956,2132.1230864368126,138.78806827542587,20.252372386904238,0.49909918853871116,0.47,3.0,0.0
2652.0,7.372212532284949,3.1482383064793793,0.0,0.0,0.0,0.0,0.0,0.0
2653.0,5317.343675482003,4273.153971191653,0.0,0.0,0.3841874542459709,0.18,1.0,0.0
2654.0,3118.501325466404,4155.453786815169,0.0,0.0,0.34698703145794946,0.14,2.0,0.0
2655.0,1058.7674063543805,2322.6349809437147,139.0980313324865,9.876526756939231,0.40730823708832603,0.21,1.0,0.0
2656.0,33.074467627028355,21.122731337573025,0.0,0.0,0.0,0.0,0.0,0.0
2657.0,5952.486437017384,4861.101311754929,0.0,0.0,0.0,0.0,0.0,0.0
2658.0,5998.150328917035,3514.3633476101118,0.0,0.0,0.0,0.0,0.0,0.0
2659.0,7862.175876456562,3010.99397324559,0.0,0.0,0.0,0.0,0.0,0.0
2660.0,2241.9357541778704,2586.177006156479,0.0,0.0,0.0,0.0,0.0,0.0
2661.0,2780.3729533005767,3841.995717457633,0.0,0.0,0.0,0.0,0.0,0.0
2662.0,93.38389395010927,387.5101669421858,0.0,0.0,0.0,0.0,0.0,0.0
2663.0,4039.203452542533,3026.9148356599817,0.0,0.0,0.0,0.0,0.0,0.0
2664.0,14.246151658347147,14.834528076194678,0.0,0.0,0.0,0.0,0.0,0.0
2665.0,677.5913347392634,1585.8903055801186,0.0,0.0,0.36660605559646725,0.16,0.0,0.0
2666.0,717.1641503142705,1714.6634982407052,0.0,0.0,0.375632799419859,0.17,1.0,0.0
2667.0,1194.7149889835518,2177.5962970144383,0.0,0.0,0.3128897569432403,0.11,1.0,0.0
2668.0,11.737198617118466,3.511311838772158,0.0,0.0,0.0,0.0,0.0,0.0
2669.0,8.747306604277151,0.934388033163827,0.0,0.0,0.0,0.0,0.0,0.0
2670.0,2942.87176142706,4009.4479752974585,0.0,0.0,0.466476151587624,0.32,2.0,0.0
2671.0,4616.948427433265,3568.933095617769,120.56667619350033,5.751686990670757,0.38418745424597095,0.82,3.0,0.0
2672.0,3672.8660066851216,1700.5742774609446,0.0,0.0,0.0,0.0,0.0,0.0
2673.0,2203.927784415177,2044.0482477764842,0.0,0.0,0.0,0.0,0.0,0.0
2674.0,1987.7273941873382,3355.5109969213595,0.0,0.0,0.4769696007084728,0.35,0.0,0.0
2675.0,2643.8803067990043,3841.23938559008,0.0,0.0,0.3249615361854384,0.12,0.0,0.0
2676.0,6660.197077323461,3739.7804462382737,0.0,0.0,0.0,0.0,0.0,0.0
2677.0,18.611839122693905,25.382128088802943,0.0,0.0,0.0,0.0,0.0,0.0
2678.0,2024.0766236866048,2620.1188959954407,0.0,0.0,0.0,0.0,0.0,0.0
2679.0,216.87440551537836,282.87921685606625,110.22860530465427,19.706968281599032,0.45825756949558394,0.3,3.0,0.0
2680.0,22.84696345952594,37.696350434685336,0.0,0.0,0.0,0.0,0.0,0.0
2681.0,156.58991520989895,371.13212529815087,0.0,0.0,0.0,0.0,0.0,0.0
2682.0,3162.6381327737145,3323.0698323258953,0.0,0.0,0.0,0.0,0.0,0.0
2683.0,542.5413829041753,1546.9577544322221,0.0,0.0,0.36660605559646725,0.16,0.0,0.0
2684.0,2494.218725437033,3053.650693427746,0.0,0.0,0.4974937185533101,0.45,2.0,0.0
2685.0,8344.316796081368,3302.198816702852,0.0,0.0,0.0,0.0,0.0,0.0
2686.0,1316.9828054102431,2178.740901913484,0.0,0.0,0.0,0.0,0.0,0.0
2687.0,2756.1930254817335,4425.534191720039,0.0,0.0,0.34698703145794946,0.14,2.0,0.0
2688.0,5546.563595797101,3867.1628748277644,91.76690260384775,9.69473367533972,0.3249615361854384,0.12,0.0,0.0
2689.0,110.46436723516452,427.6074797507916,0.0,0.0,0.0,0.0,0.0,0.0
2690.0,4589.909394720678,3811.3905472537076,0.0,0.0,0.3570714214271425,0.15,1.0,0.0
2691.0,3406.0800499133197,3529.9682519307935,0.0,0.0,0.4769696007084728,0.35,2.0,0.0
2692.0,6.408503980358935,0.009211597436017939,0.0,0.0,0.0,0.0,0.0,0.0
2693.0,5594.6876852690075,3975.0652465328067,0.0,0.0,0.48,0.64,2.0,0.0
2694.0,3318.3705681169936,3942.3475443556854,0.0,0.0,0.384187454245971,0.18,0.0,0.0
2695.0,4365.431809306185,4810.950873484633,0.0,0.0,0.45825756949558394,0.3,2.0,0.0
2696.0,941.2998365835757,1556.1074094520948,0.0,0.0,0.4270831300812525,0.24,3.0,0.0
2697.0,2191.012320637234,3684.263073741394,0.0,0.0,0.4330127018922193,0.25,1.0,0.0
2698.0,3067.3711184523227,3635.4384235623966,0.0,0.0,0.3923009049186606,0.19,1.0,0.0
2699.0,6.994489775355618,1.0658253265986455,0.0,0.0,0.0,0.0,0.0,0.0
2700.0,115.33058744163127,205.521129725602,0.0,0.0,0.4386342439892261,0.26,1.0,0.0
2701.0,12.29031479137842,2.029032770411813,0.0,0.0,0.0,0.0,0.0,0.0
2702.0,1570.6231982097127,2026.9574634709409,0.0,0.0,0.0,0.0,0.0,0.0
2703.0,2165.048618408563,2571.1377697901376,0.0,0.0,0.0,0.0,0.0,0.0
2704.0,32.43678343105798,99.97977219555607,0.0,0.0,0.0,0.0,0.0,0.0
2705.0,4234.508967652006,3955.7886461244148,125.48139731954097,34.492940527347166,0.44899888641287283,0.28,1.0,0.0
2706.0,1149.8026345355754,3144.61136543584,0.0,0.0,0.44899888641287283,0.28,0.0,0.0
2707.0,8.92678271459847,0.6869706762394878,0.0,0.0,0.0,0.0,0.0,0.0
2708.0,3527.4102301599323,4293.611067561939,0.0,0.0,0.0,0.0,0.0,0.0
2709.0,3916.0336985632866,3389.5018085054726,124.52122690739242,24.741515753011004,0.4918333050943175,0.41,4.0,0.0
2710.0,8.984740354240827,0.8579295463622584,0.0,0.0,0.0,0.0,0.0,0.0
2711.0,186.98212359973232,281.28278746391203,0.0,0.0,0.39230090491866065,0.19,1.0,0.0
2712.0,3104.3344593975758,3581.0647674358706,0.0,0.0,0.0,0.0,0.0,0.0
2713.0,544.832255676739,838.9475905484056,0.0,0.0,0.4,0.2,1.0,0.0
2714.0,688.2267365967797,1580.8774540732625,0.0,0.0,0.0,0.0,0.0,0.0
2715.0,4527.839612586572,2031.4025218807699,0.0,0.0,0.0,0.0,0.0,0.0
2716.0,838.5134273219328,1094.0412674603187,0.0,0.0,0.34698703145794946,0.14,1.0,0.0
2717.0,453.94369259531743,1301.1893627632196,0.0,0.0,0.0,0.0,0.0,0.0
2718.0,3712.891489805057,3346.941104985947,0.0,0.0,0.0,0.0,0.0,0.0
2719.0,660.9839524947232,1058.3813122853037,0.0,0.0,0.0,0.0,0.0,0.0
2720.0,462.7970553141204,1201.2202806227858,0.0,0.0,0.0,0.0,0.0,0.0
2721.0,2232.1923615065202,2089.009456469928,0.0,0.0,0.3249615361854384,0.12,1.0,0.0
2722.0,13.419510085013615,4.014227963416027,0.0,0.0,0.0,0.0,0.0,0.0
2723.0,55.620328728733746,215.73667616136686,0.0,0.0,0.0,0.0,0.0,0.0
2724.0,3918.4323447361944,2649.6869580949638,0.0,0.0,0.0,0.0,0.0,0.0
2725.0,2807.5113736446306,3125.061502289422,0.0,0.0,0.0,0.0,0.0,0.0
2726.0,2571.2965076164196,4514.397335991552,0.0,0.0,0.0,0.0,0.0,0.0
2727.0,4640.775395110268,4464.885180429107,0.0,0.0,0.0,0.0,0.0,0.0
2728.0,290.4954407126523,730.4337360642467,100.22261016260532,2.0770048177900042,0.3756327994198589,0.17,0.0,0.0
2729.0,4016.291885692974,4038.360015099003,0.0,0.0,0.48000000000000004,0.36,3.0,0.0
2730.0,399.88608878160596,623.0308039739172,139.9633303868933,14.870760327050494,0.4828043081829324,0.37,2.0,0.0
2731.0,1332.2958721328969,3421.288404728302,0.0,0.0,0.0,0.0,0.0,0.0
2732.0,2251.114772035098,2669.815298407693,0.0,0.0,0.0,0.0,0.0,0.0
2733.0,18.05417715738041,18.654694066349023,0.0,0.0,0.0,0.0,0.0,0.0
2734.0,1615.57113824047,3692.4622919182934,0.0,0.0,0.0,0.0,0.0,0.0
2735.0,5388.323409588198,3308.8295766601577,0.0,0.0,0.3,0.1,0.0,0.0
2736.0,231.83372417180672,459.9482334345656,0.0,0.0,0.3,0.1,0.0,0.0
2737.0,89.56536741519753,272.2280291704421,0.0,0.0,0.0,0.0,0.0,0.0
2738.0,3387.802551466494,1585.812116454548,0.0,0.0,0.0,0.0,0.0,0.0
2739.0,176.63753126296615,337.8186615240233,0.0,0.0,0.0,0.0,0.0,0.0
2740.0,757.6410888578522,1617.3934086803263,0.0,0.0,0.0,0.0,0.0,0.0
2741.0,4890.609603534165,3054.014370995667,0.0,0.0,0.3363034344160047,0.13,1.0,0.0
2742.0,315.2813587547906,783.8210658076497,0.0,0.0,0.3,0.1,1.0,0.0
2743.0,39.91436563127144,73.50249621916745,0.0,0.0,0.0,0.0,0.0,0.0
2744.0,3095.8639585285064,4157.265999789944,0.0,0.0,0.0,0.0,0.0,0.0
2745.0,911.9606360596423,1791.5110554403252,0.0,0.0,0.31288975694324034,0.11,1.0,0.0
2746.0,4290.870691037235,3513.39389589116,0.0,0.0,0.0,0.0,0.0,0.0
2747.0,23.17642350139693,7.629137812810437,0.0,0.0,0.0,0.0,0.0,0.0
2748.0,6201.211269149869,3681.783092533786,0.0,0.0,0.487749935930288,0.39,3.0,0.0
2749.0,5365.547389911222,3361.749398678966,124.81344028105855,8.573795001018201,0.3,0.9,3.0,0.0
2750.0,2799.461863114264,2214.6278938597875,0.0,0.0,0.3923009049186606,0.19,1.0,0.0
2751.0,1745.1773580305558,1566.0154290901885,127.47750426015128,13.863654882275906,0.4737087712930805,0.34,2.0,0.0
2752.0,7.421098326594513,3.316332585401324,0.0,0.0,0.0,0.0,0.0,0.0
2753.0,5631.608469118361,5096.175400234413,0.0,0.0,0.384187454245971,0.18,0.0,0.0
2754.0,3558.789655789742,4230.525959918321,126.25964070136526,27.26889573084749,0.4935585071701227,0.58,2.0,0.0
2755.0,3216.1173525938525,4737.845955050665,153.92131422404543,5.93854141879395,0.3756327994198589,0.17,0.0,0.0
2756.0,3526.679834773922,4183.948293175369,0.0,0.0,0.462493243193887,0.31,2.0,0.0
2757.0,20.202496830953443,19.774689576248164,0.0,0.0,0.0,0.0,0.0,0.0
2758.0,1615.4583533222412,3101.877694576687,0.0,0.0,0.0,0.0,0.0,0.0
2759.0,8.069416091861498,2.387153188165963,0.0,0.0,0.0,0.0,0.0,0.0
2760.0,6.399738496270106,0.00999838461127879,0.0,0.0,0.0,0.0,0.0,0.0
2761.0,4386.842830012097,3740.317524683624,0.0,0.0,0.46647615158762396,0.68,3.0,0.0
2762.0,3775.984711328812,2761.1553881885684,0.0,0.0,0.4950757517794625,0.57,4.0,0.0
2763.0,3174.3960208928793,3170.188639110454,0.0,0.0,0.49909918853871116,0.47,4.0,0.0
2764.0,3929.754939907945,3015.7286036929886,117.30965546956462,2.670937642148423,0.48280430818293235,0.63,2.0,0.0
2765.0,1091.7692539542613,1254.442782940915,0.0,0.0,0.3,0.1,1.0,0.0
2766.0,10.618379557803385,5.148199347578348,0.0,0.0,0.0,0.0,0.0,0.0
2767.0,6983.668120641699,3402.6797790329892,0.0,0.0,0.0,0.0,0.0,0.0
2768.0,971.3412849987232,2089.7367306771444,0.0,0.0,0.37563279941985894,0.17,1.0,0.0
2769.0,340.6486500784481,647.8071817856849,0.0,0.0,0.3,0.1,1.0,0.0
2770.0,1605.0238135587695,1182.3118790143026,0.0,0.0,0.0,0.0,0.0,0.0
2771.0,726.6901048458062,1245.3940425598041,0.0,0.0,0.3249615361854384,0.12,0.0,0.0
2772.0,6459.000233998963,3597.850078599063,0.0,0.0,0.4828043081829324,0.63,4.0,0.0
2773.0,5759.359787189739,4156.113401094732,127.284388332359,7.26965717420026,0.45825756949558394,0.7,2.0,0.0
2774.0,4292.761446723277,3359.76269475023,118.22789460028088,7.483417264339302,0.4702127178203499,0.67,3.0,0.0
2775.0,3408.2236202082936,3521.0494158524275,0.0,0.0,0.0,0.0,0.0,0.0
2776.0,56.36179517791204,98.90071620777762,141.96048106588316,3.9816123192286135,0.407308237088326,0.21,1.0,0.0
2777.0,4086.0407036802494,4045.3677821296783,0.0,0.0,0.0,0.0,0.0,0.0
2778.0,791.4848097796628,1370.919516282177,0.0,0.0,0.3570714214271425,0.15,1.0,0.0
2779.0,2259.1533604245706,3550.0728329715284,0.0,0.0,0.0,0.0,0.0,0.0
2780.0,2234.0377011633077,1603.6909675527293,0.0,0.0,0.0,0.0,0.0,0.0
2781.0,8.287176339141782,0.8960721748947368,0.0,0.0,0.0,0.0,0.0,0.0
2782.0,3535.3578372455336,5283.651609790139,0.0,0.0,0.0,0.0,0.0,0.0
2783.0,2258.462210936356,3383.5456923830516,0.0,0.0,0.0,0.0,0.0,0.0
2784.0,292.6120798019062,775.6462434531794,0.0,0.0,0.34698703145794946,0.14,1.0,0.0
2785.0,1060.1270425726927,2249.1547980624905,0.0,0.0,0.0,0.0,0.0,0.0
2786.0,8.887720129828907,1.9996512488991098,0.0,0.0,0.0,0.0,0.0,0.0
2787.0,3730.798310557338,3653.2830235558135,0.0,0.0,0.33630343441600474,0.13,0.0,0.0
2788.0,1901.5029040150557,2902.861800570481,0.0,0.0,0.4737087712930805,0.34,1.0,0.0
2789.0,2196.908253575701,4255.5438024201185,0.0,0.0,0.3,0.1,1.0,0.0
2790.0,1983.8710079863545,2541.1302724693405,0.0,0.0,0.0,0.0,0.0,0.0
2791.0,12.26915926599333,8.10354679749635,0.0,0.0,0.0,0.0,0.0,0.0
2792.0,3938.439421889772,3376.7492193464245,0.0,0.0,0.3,0.1,1.0,0.0
2793.0,147.5140643177651,380.26237101141226,0.0,0.0,0.0,0.0,0.0,0.0
2794.0,9.636490957140644,1.8968298654668914,0.0,0.0,0.0,0.0,0.0,0.0
2795.0,1094.788151978026,1122.5419043840882,115.65877605344572,8.16135093335316,0.31288975694324034,0.11,1.0,0.0
2796.0,219.83405559761283,306.09488859895293,127.75720498061122,28.83973427160115,0.4208325082500164,0.23,1.0,0.0
2797.0,2566.9666537921303,3868.1698422638583,0.0,0.0,0.4990991885387111,0.47,3.0,0.0
2798.0,5908.739192284874,3956.040105213751,0.0,0.0,0.4702127178203498,0.67,5.0,0.0
2799.0,3256.4901277521376,3118.1339444525124,0.0,0.0,0.49909918853871116,0.47,2.0,0.0
2800.0,3397.7920721476785,3751.5533579847743,114.60137027875307,7.980408679403807,0.4918333050943174,0.59,2.0,0.0
2801.0,3937.3463377352837,3833.6858054211416,0.0,0.0,0.32496153618543844,0.12,1.0,0.0
2802.0,198.1551345611564,485.0040573004143,137.57401991551362,5.859338132725965,0.4330127018922193,0.25,1.0,0.0
2803.0,4921.402042148238,4649.537339538815,0.0,0.0,0.0,0.0,0.0,0.0
2804.0,1613.971946639761,1524.8049563993645,0.0,0.0,0.34698703145794946,0.14,0.0,0.0
2805.0,1212.5605898335095,2545.658531005313,0.0,0.0,0.0,0.0,0.0,0.0
2806.0,9089.387185172936,2630.712907415662,0.0,0.0,0.0,0.0,0.0,0.0
2807.0,667.2941447826452,1341.9029789003678,0.0,0.0,0.0,0.0,0.0,0.0
2808.0,4102.8154281100315,3871.052814356141,0.0,0.0,0.4898979485566356,0.4,4.0,0.0
2809.0,5004.879342409458,4170.529595971149,0.0,0.0,0.5,0.5,3.0,0.0
2810.0,3335.067951650254,2938.1540519189944,0.0,0.0,0.5,0.5,3.0,0.0
2811.0,2960.414741711187,3225.907875038569,0.0,0.0,0.0,0.0,0.0,0.0
2812.0,2254.1215991958597,4338.158842997021,0.0,0.0,0.0,0.0,0.0,0.0
2813.0,5771.902729002708,3873.516934139423,0.0,0.0,0.4,0.2,0.0,0.0
2814.0,796.8783164904795,1679.4301903663154,0.0,0.0,0.0,0.0,0.0,0.0
2815.0,5446.687507095555,4043.5211106230354,141.63128008689216,36.622007461535375,0.4769696007084728,0.35,2.0,0.0
2816.0,12.054320488308486,11.79562095412712,0.0,0.0,0.0,0.0,0.0,0.0
2817.0,2011.3439924937438,3547.8148621964747,0.0,0.0,0.3570714214271425,0.15,0.0,0.0
2818.0,52.53837355684897,140.61961333140493,0.0,0.0,0.0,0.0,0.0,0.0
2819.0,3259.225025777755,5033.295396040399,0.0,0.0,0.0,0.0,0.0,0.0
2820.0,1028.722915540491,2078.853812077128,0.0,0.0,0.0,0.0,0.0,0.0
2821.0,4238.124322224006,5231.947751849186,0.0,0.0,0.0,0.0,0.0,0.0
2822.0,2645.8955281734065,3209.9068446730284,0.0,0.0,0.0,0.0,0.0,0.0
2823.0,8.216397261582927,0.4924985870495659,0.0,0.0,0.0,0.0,0.0,0.0
2824.0,2727.9920725023258,3472.9666119016106,0.0,0.0,0.41424630354415964,0.22,0.0,0.0
2825.0,1359.3348443992995,3014.985427788516,0.0,0.0,0.0,0.0,0.0,0.0
2826.0,4833.640263640165,3718.763846620702,0.0,0.0,0.4898979485566356,0.6,4.0,0.0
2827.0,4672.10732147249,3652.5045019915647,131.33546237711818,6.26763866552615,0.4386342439892262,0.74,5.0,0.0
2828.0,4357.55446136662,3443.9297409071887,120.32592276790066,6.888025091562929,0.4489988864128729,0.72,3.0,0.0
2829.0,5156.931891271899,3520.7933128439513,0.0,0.0,0.0,0.0,0.0,0.0
2830.0,2162.2321165166377,4440.3222213701465,138.25286766772885,7.433121312470961,0.453762052181537,0.29,0.0,0.0
2831.0,5999.713967504267,3937.9183115691576,0.0,0.0,0.3570714214271425,0.15,1.0,0.0
2832.0,681.7476242533266,1343.9548547463519,0.0,0.0,0.0,0.0,0.0,0.0
2833.0,4801.238517088409,4454.469624569444,0.0,0.0,0.4073082370883261,0.21,1.0,0.0
2834.0,470.1057251401073,894.9254316533745,147.13130090882368,4.899007885301888,0.3756327994198589,0.17,0.0,0.0
2835.0,967.47740389979,3119.7045226065484,0.0,0.0,0.0,0.0,0.0,0.0
2836.0,4310.257838443564,4461.306687820188,131.05823355819552,27.788403387399274,0.48989794855663565,0.4,1.0,0.0
2837.0,9.647938872082015,1.3734913517731995,0.0,0.0,0.0,0.0,0.0,0.0
2838.0,3295.277740458996,4480.349180566163,0.0,0.0,0.4963869458396343,0.44,5.0,0.0
2839.0,43.45457573849401,43.15150038559911,127.52092836478255,2.292603764471326,0.4270831300812525,0.24,2.0,0.0
2840.0,1882.4816102004797,3769.7723427654505,0.0,0.0,0.49909918853871116,0.47,2.0,0.0
2841.0,493.3260467237689,901.8084482512857,0.0,0.0,0.4208325082500164,0.23,1.0,0.0
2842.0,2021.0434878911776,3769.910583009722,0.0,0.0,0.0,0.0,0.0,0.0
2843.0,4264.663032554878,3734.319373568942,0.0,0.0,0.4386342439892262,0.26,2.0,0.0
2844.0,8.169006183475519,1.2891298670312195,0.0,0.0,0.0,0.0,0.0,0.0
2845.0,875.8612769769019,2439.14312854061,0.0,0.0,0.44899888641287294,0.28,2.0,0.0
2846.0,5530.285375835452,3877.9029982108204,0.0,0.0,0.45825756949558394,0.7,3.0,0.0
2847.0,5091.478315079769,2759.923017263597,122.0206309722761,1.5311551506571692,0.4537620521815372,0.71,5.0,0.0
2848.0,4217.18069983463,2684.828555415271,0.0,0.0,0.49355850717012273,0.42,2.0,0.0
2849.0,3714.6269331306858,2912.0957719335306,115.33621149502937,6.251904346971547,0.46647615158762396,0.32,3.0,0.0
2850.0,1062.0470144641456,1464.228729805253,171.36119094493628,35.659667663022745,0.4995998398718718,0.52,2.0,0.0
2851.0,4581.641983753984,4667.454030875129,0.0,0.0,0.45376205218153715,0.29,2.0,0.0
2852.0,1650.809020278459,3917.858901187227,0.0,0.0,0.0,0.0,0.0,0.0
2853.0,3319.7374529743247,3829.795073836085,0.0,0.0,0.0,0.0,0.0,0.0
2854.0,10.517295512930087,7.420754176539293,0.0,0.0,0.0,0.0,0.0,0.0
2855.0,6.4083574512445205,0.008899535738371158,0.0,0.0,0.0,0.0,0.0,0.0
2856.0,4755.8306680112955,3306.488647451974,0.0,0.0,0.3,0.1,0.0,0.0
2857.0,1438.737734226749,2487.19798814443,138.00038786609895,33.26525112597559,0.48,0.36,1.0,0.0
2858.0,5097.236481253578,3910.990311185795,123.68394934286366,7.795732617188016,0.4208325082500162,0.77,4.0,0.0
2859.0,3796.788785510558,2428.826687960352,117.5598633631561,2.610755082793051,0.4270831300812525,0.76,4.0,0.0
2860.0,3276.4729666782555,2532.8880120262957,112.67787355854969,3.1406199617338615,0.3666060555964673,0.16,1.0,0.0
2861.0,3927.461968846363,5013.526559625306,0.0,0.0,0.3923009049186606,0.19,1.0,0.0
2862.0,922.2419035353906,2903.7799896420447,0.0,0.0,0.0,0.0,0.0,0.0
2863.0,2634.628281656703,2662.2122394095863,0.0,0.0,0.3570714214271425,0.15,1.0,0.0
2864.0,4875.100225093956,4499.908225066639,152.2915132973448,44.20067594621155,0.485386443980464,0.38,2.0,0.0
2865.0,2623.8405317413817,2916.5771334633932,0.0,0.0,0.0,0.0,0.0,0.0
2866.0,2338.2649713902683,4748.32424869191,0.0,0.0,0.33630343441600474,0.13,1.0,0.0
2867.0,5253.800457111266,4768.195964343099,0.0,0.0,0.0,0.0,0.0,0.0
2868.0,18.9242333163491,18.980543771041173,0.0,0.0,0.0,0.0,0.0,0.0
2869.0,2498.084417059929,3912.0876519733024,0.0,0.0,0.47021271782034985,0.33,3.0,0.0
2870.0,9.100536371302315,5.707679617877141,0.0,0.0,0.0,0.0,0.0,0.0
2871.0,6.404937018072331,0.007930830922165656,0.0,0.0,0.0,0.0,0.0,0.0
2872.0,73.04396107616141,172.21922170832153,0.0,0.0,0.0,0.0,0.0,0.0
2873.0,2495.19420799679,3140.7358347388367,0.0,0.0,0.3249615361854384,0.12,0.0,0.0
2874.0,5260.1383655907875,3648.5213658704556,121.2673821313838,4.445736484077272,0.46647615158762396,0.68,4.0,0.0
2875.0,4777.877161300266,3276.5192497889907,119.7207089007031,3.4868439083327587,0.3469870314579494,0.86,3.0,0.0
2876.0,2246.8948327974776,1956.8379001098538,117.06174403951816,2.699067825456116,0.49355850717012273,0.42,3.0,0.0
2877.0,3182.2221269469514,3555.415288419073,0.0,0.0,0.4386342439892261,0.26,0.0,0.0
2878.0,361.00765041132513,1760.6934749658787,0.0,0.0,0.0,0.0,0.0,0.0
2879.0,9130.886003121454,3043.7491072056614,0.0,0.0,0.0,0.0,0.0,0.0
2880.0,2816.1225055398727,4051.7342582265824,129.41035224917383,23.67565835747393,0.4270831300812525,0.24,0.0,0.0
2881.0,3332.9650135142806,5061.825649482378,0.0,0.0,0.0,0.0,0.0,0.0
2882.0,2255.677271396081,2878.2125678039156,0.0,0.0,0.462493243193887,0.31,0.0,0.0
2883.0,233.4371532683181,703.4485482534487,0.0,0.0,0.3363034344160047,0.13,1.0,0.0
2884.0,496.38654006926714,1074.2279515089076,0.0,0.0,0.0,0.0,0.0,0.0
2885.0,1689.9451345970003,2934.8932049503596,129.85360128583594,23.28548503421803,0.4664761515876239,0.32,2.0,0.0
2886.0,5082.550643108224,5238.035601562743,0.0,0.0,0.3,0.1,0.0,0.0
2887.0,1206.4988122630511,1811.8256820921872,0.0,0.0,0.3363034344160047,0.13,1.0,0.0
2888.0,7.985457744478638,1.0669511149603785,0.0,0.0,0.0,0.0,0.0,0.0
2889.0,3707.561071550131,4692.654479345128,0.0,0.0,0.0,0.0,0.0,0.0
2890.0,6285.515981798007,2633.0052517582544,0.0,0.0,0.0,0.0,0.0,0.0
2891.0,851.5064628898715,882.3796858646007,0.0,0.0,0.33630343441600474,0.13,1.0,0.0
2892.0,68.63875124565087,102.74372908845528,0.0,0.0,0.3570714214271425,0.15,1.0,0.0
2893.0,3275.16509911266,2652.3662405699906,0.0,0.0,0.35707142142714254,0.15,2.0,0.0
2894.0,1104.7243663461047,1791.7711480502742,0.0,0.0,0.0,0.0,0.0,0.0
2895.0,1625.2270615072716,3229.9446320195684,0.0,0.0,0.462493243193887,0.31,3.0,0.0
2896.0,4620.342635154686,3455.096427310445,124.65360091421556,3.0297862413804273,0.3570714214271425,0.85,3.0,0.0
2897.0,4890.057644652309,3119.060733084178,0.0,0.0,0.47021271782034996,0.67,3.0,0.0
2898.0,3358.58588156225,3190.8781648231757,117.26499276923349,4.208950147958281,0.49909918853871116,0.47,3.0,0.0
2899.0,6854.883020234323,4614.733152374184,0.0,0.0,0.0,0.0,0.0,0.0
2900.0,34.13811639325298,27.260503742568154,0.0,0.0,0.0,0.0,0.0,0.0
2901.0,3571.072674071851,4269.428617874138,0.0,0.0,0.0,0.0,0.0,0.0
2902.0,1660.5548661098862,3113.360194347932,0.0,0.0,0.0,0.0,0.0,0.0
2903.0,54.83145903417281,129.78540218552817,141.23806838576644,3.2430171300026673,0.3570714214271425,0.15,0.0,0.0
2904.0,109.17701632129527,169.58911372417236,0.0,0.0,0.0,0.0,0.0,0.0
2905.0,1209.6514060885365,1235.3528485010352,0.0,0.0,0.3,0.1,1.0,0.0
2906.0,56.99011964446932,106.29902596450118,0.0,0.0,0.0,0.0,0.0,0.0
2907.0,388.287709046284,668.961254769058,140.6209556634142,7.607960578979867,0.4208325082500162,0.23,2.0,0.0
2908.0,1374.3243548844234,2553.6140384322334,0.0,0.0,0.0,0.0,0.0,0.0
2909.0,5719.049353556093,3834.877373772851,131.2546327836956,9.051974394998057,0.4270831300812525,0.76,4.0,0.0
2910.0,4532.14982242395,2930.72405352275,119.24341724252196,4.270210159428051,0.4386342439892262,0.74,4.0,0.0
2911.0,2061.68985906239,1227.3109725320369,113.35955170172736,3.6032764017167445,0.407308237088326,0.21,2.0,0.0
2912.0,4572.393206579604,4808.155128403325,0.0,0.0,0.0,0.0,0.0,0.0
2913.0,5192.2493449167205,4486.853780905583,0.0,0.0,0.36660605559646725,0.16,0.0,0.0
2914.0,2346.8631799354257,3246.734367123681,0.0,0.0,0.4073082370883261,0.21,0.0,0.0
2915.0,2689.1675375180384,4440.4188954765295,0.0,0.0,0.0,0.0,0.0,0.0
2916.0,1281.6315800433908,2846.574669266527,0.0,0.0,0.3,0.1,0.0,0.0
2917.0,6.6118090832316065,0.5014974950402027,0.0,0.0,0.0,0.0,0.0,0.0
2918.0,3008.0269456138853,3565.196344776958,0.0,0.0,0.36660605559646725,0.16,1.0,0.0
2919.0,8.262320196227824,1.0187552266601365,0.0,0.0,0.0,0.0,0.0,0.0
2920.0,189.17382364131998,394.3256822450271,0.0,0.0,0.0,0.0,0.0,0.0
2921.0,838.2585024963481,2495.080010519491,0.0,0.0,0.31288975694324034,0.11,1.0,0.0
2922.0,1720.3374571652375,2905.0586041643414,0.0,0.0,0.0,0.0,0.0,0.0
2923.0,2028.8346889315687,2740.554394567473,0.0,0.0,0.31288975694324034,0.11,0.0,0.0
2924.0,2141.798807841981,3935.6063702566894,0.0,0.0,0.0,0.0,0.0,0.0
2925.0,5644.1744595997,2987.738474574067,0.0,0.0,0.0,0.0,0.0,0.0
2926.0,8.314325892799491,7.443356288540726,0.0,0.0,0.0,0.0,0.0,0.0
2927.0,17.627248846598135,19.710715004975054,0.0,0.0,0.0,0.0,0.0,0.0
2928.0,4494.568785204727,3454.7128715968965,0.0,0.0,0.4918333050943174,0.59,3.0,0.0
2929.0,5298.926344532069,3989.161354610018,127.57616910264973,4.2604540490607885,0.4073082370883261,0.79,4.0,0.0
2930.0,4201.382991404918,3346.726818115262,121.29364051957127,6.778448975795441,0.49959983987187184,0.52,4.0,0.0
2931.0,2603.64347685669,2770.0753978844605,0.0,0.0,0.0,0.0,0.0,0.0
2932.0,90.29054051537157,75.96517778924391,0.0,0.0,0.0,0.0,0.0,0.0
2933.0,5541.2031986610855,4142.5355040471295,0.0,0.0,0.34698703145794946,0.14,1.0,0.0
2934.0,1251.5811587381313,2564.2186668021163,146.01911692038658,26.23903628632902,0.31288975694324034,0.11,0.0,0.0
2935.0,780.3831321547183,820.5199450961484,0.0,0.0,0.0,0.0,0.0,0.0
2936.0,296.39862299886266,658.0808778370272,0.0,0.0,0.3570714214271425,0.15,1.0,0.0
2937.0,3008.53068822882,4579.816419958546,0.0,0.0,0.3,0.1,0.0,0.0
2938.0,2488.6431924777135,2496.880770263709,0.0,0.0,0.3,0.1,1.0,0.0
2939.0,63.73380289215321,240.9092724120659,0.0,0.0,0.0,0.0,0.0,0.0
2940.0,2238.2166547894326,2623.3908922929513,0.0,0.0,0.375632799419859,0.17,0.0,0.0
2941.0,7.21128700974644,0.9227565497425598,0.0,0.0,0.0,0.0,0.0,0.0
2942.0,1841.1173308609175,3227.505814417352,0.0,0.0,0.384187454245971,0.18,1.0,0.0
2943.0,6474.985729450355,4288.334232773918,121.83188791446284,2.5311995421876192,0.4386342439892262,0.74,3.0,0.0
2944.0,5392.935547066719,3017.4906383101866,119.72376982688964,2.2068185992712723,0.30000000000000004,0.9,4.0,0.0
2945.0,3062.678686849394,2284.679939132112,119.39159511186219,7.240184718634724,0.4983974317750845,0.46,4.0,0.0
2946.0,897.9748406239764,1537.9602795937442,135.06728140303886,11.65854823650657,0.3923009049186606,0.19,1.0,0.0
2947.0,6068.533101131421,4842.586506372805,0.0,0.0,0.375632799419859,0.17,1.0,0.0
2948.0,2856.6317082318687,3299.651577004527,0.0,0.0,0.0,0.0,0.0,0.0
2949.0,2034.874028770646,3659.8306794095997,0.0,0.0,0.0,0.0,0.0,0.0
2950.0,231.0472312617852,496.45762128289164,0.0,0.0,0.3363034344160047,0.13,0.0,0.0
2951.0,39.208774619663075,132.323454844499,0.0,0.0,0.0,0.0,0.0,0.0
2952.0,3795.5307956808147,4828.873808320435,0.0,0.0,0.0,0.0,0.0,0.0
2953.0,1372.3361267888458,3418.7835182631616,116.17631452270955,29.994476167231383,0.44395945760846234,0.27,1.0,0.0
2954.0,3243.5794222466507,3633.0286782137014,0.0,0.0,0.3,0.1,1.0,0.0
2955.0,41.17345013919346,84.38162619641695,147.37662323013032,2.6795957705977695,0.3249615361854384,0.12,0.0,0.0
2956.0,1067.9006563277246,1559.580250269976,0.0,0.0,0.0,0.0,0.0,0.0
2957.0,2618.4705225420325,2205.099513792365,120.17335163564098,20.427152571038516,0.4330127018922193,0.25,1.0,0.0
2958.0,4467.147926445002,4021.4408281401506,0.0,0.0,0.49355850717012273,0.42,3.0,0.0
2959.0,6490.372228092763,4367.736528422977,0.0,0.0,0.4330127018922193,0.75,4.0,0.0
2960.0,4991.444942742382,3378.122387396488,121.22342277571957,5.657792632829316,0.32496153618543844,0.88,5.0,0.0
2961.0,2247.9248473317743,2675.876175141459,0.0,0.0,0.48989794855663565,0.4,4.0,0.0
2962.0,1944.5269514421907,4145.058001732118,0.0,0.0,0.0,0.0,0.0,0.0
2963.0,3106.139582895975,4443.603333736171,0.0,0.0,0.0,0.0,0.0,0.0
2964.0,339.24935893414295,424.4577153139916,0.0,0.0,0.4270831300812525,0.24,2.0,0.0
2965.0,2095.9013523472713,2669.802518169572,0.0,0.0,0.3570714214271425,0.15,0.0,0.0
2966.0,399.6150965625615,785.98865680702,0.0,0.0,0.0,0.0,0.0,0.0
2967.0,12.836883843730957,12.40624847279754,0.0,0.0,0.0,0.0,0.0,0.0
2968.0,5237.447742901951,4232.616503030276,0.0,0.0,0.3,0.1,0.0,0.0
2969.0,2303.733109426588,3773.7868155103774,0.0,0.0,0.0,0.0,0.0,0.0
2970.0,988.0457766331501,1825.1066363034872,0.0,0.0,0.36660605559646725,0.16,1.0,0.0
2971.0,728.819321003691,2059.7169044625252,0.0,0.0,0.0,0.0,0.0,0.0
2972.0,1831.9625766533054,3408.6542968179856,0.0,0.0,0.0,0.0,0.0,0.0
2973.0,6.699316637121858,0.8117125797038293,0.0,0.0,0.0,0.0,0.0,0.0
2974.0,3028.486218575049,3172.9182336844415,0.0,0.0,0.21794494717703367,0.05,1.0,0.0
2975.0,592.0294769755579,1636.9670557283364,144.78165481688126,3.447228770730271,0.3666060555964673,0.16,0.0,0.0
2976.0,4863.99143086915,5401.150420905279,0.0,0.0,0.3,0.1,0.0,0.0
2977.0,1996.925374052214,2083.642844655319,116.04674335410778,6.6075661680041256,0.3249615361854384,0.12,1.0,0.0
2978.0,59.95961620770445,269.8757894159382,0.0,0.0,0.0,0.0,0.0,0.0
2979.0,5397.206430271985,4342.773757442739,0.0,0.0,0.0,0.0,0.0,0.0
2980.0,1573.3173608068944,3188.5787866945875,0.0,0.0,0.3923009049186606,0.19,1.0,0.0
2981.0,3418.022701845321,3328.8014126962926,0.0,0.0,0.4330127018922193,0.25,2.0,0.0
2982.0,1016.0027855424844,1256.2355843317232,0.0,0.0,0.4208325082500164,0.23,3.0,0.0
2983.0,8.542675125520347,1.4675525404165985,0.0,0.0,0.0,0.0,0.0,0.0
2984.0,4635.258830429746,4275.345193017666,0.0,0.0,0.0,0.0,0.0,0.0
2985.0,418.61211345893776,1369.3524440829142,138.79293235695275,7.353952816746317,0.3756327994198589,0.17,0.0,0.0
2986.0,4994.298066146822,3616.397888775922,0.0,0.0,0.4386342439892262,0.26,2.0,0.0
2987.0,241.39136629976963,593.5980458851193,82.63817770829274,4.819877538570743,0.3570714214271425,0.15,1.0,0.0
2988.0,8.837090102226545,8.17713106707148,0.0,0.0,0.0,0.0,0.0,0.0
2989.0,1281.360078122372,682.094351473361,0.0,0.0,0.0,0.0,0.0,0.0
2990.0,10.135025030015685,5.701162108183813,0.0,0.0,0.0,0.0,0.0,0.0
2991.0,142.8484619953979,344.8047157389536,0.0,0.0,0.0,0.0,0.0,0.0
2992.0,6461.12354466975,3779.293912688085,0.0,0.0,0.0,0.0,0.0,0.0
2993.0,466.648751149526,600.8817524024103,0.0,0.0,0.0,0.0,0.0,0.0
2994.0,2434.9678080356907,3385.8064743489663,0.0,0.0,0.0,0.0,0.0,0.0
2995.0,142.9231541104195,381.00348467790695,142.92288305925373,6.656139674083346,0.3249615361854384,0.12,0.0,0.0
2996.0,2127.928408551784,1932.8806211008314,0.0,0.0,0.0,0.0,0.0,0.0
2997.0,578.7003872493822,1677.5454366629658,140.76743784070192,4.563357596698778,0.384187454245971,0.18,1.0,0.0
2998.0,6290.978720068234,4945.811227581252,0.0,0.0,0.31288975694324034,0.11,0.0,0.0
2999.0,2382.5409471280004,4512.800587712612,0.0,0.0,0.375632799419859,0.17,1.0,0.0
3000.0,5328.569908643578,4106.645761923388,0.0,0.0,0.0,0.0,0.0,0.0
3001.0,687.0027893762277,1580.9596319501477,0.0,0.0,0.4330127018922193,0.25,1.0,0.0
3002.0,2041.456193457176,3242.852258715061,0.0,0.0,0.375632799419859,0.17,2.0,0.0
3003.0,658.1655053947326,1255.6864775471931,0.0,0.0,0.0,0.0,0.0,0.0
3004.0,4170.068509883027,5575.524048890116,0.0,0.0,0.3249615361854384,0.12,1.0,0.0
3005.0,2869.6120776300504,3099.5333423684374,0.0,0.0,0.0,0.0,0.0,0.0
3006.0,8.879606406968158,0.817472400233297,0.0,0.0,0.0,0.0,0.0,0.0
3007.0,319.54448325574674,716.4770187717784,0.0,0.0,0.0,0.0,0.0,0.0
3008.0,3339.3180097558243,1142.7976541656847,0.0,0.0,0.0,0.0,0.0,0.0
3009.0,164.26043568072456,431.8549765709989,0.0,0.0,0.31288975694324034,0.11,0.0,0.0
3010.0,6.401495533161848,0.009850300080134867,0.0,0.0,0.0,0.0,0.0,0.0
3011.0,475.87571642214016,741.0870222323213,0.0,0.0,0.32496153618543844,0.12,0.0,0.0
3012.0,4384.181111791185,3902.738084143703,0.0,0.0,0.4995998398718718,0.48,3.0,0.0
3013.0,5127.532875206007,4175.049439857426,0.0,0.0,0.4073082370883261,0.79,3.0,0.0
3014.0,4815.405291612857,3991.2019682931505,125.54501563241824,7.384052646975977,0.4,0.8,5.0,0.0
3015.0,5488.166469266184,3478.5943588893506,113.98733699410434,3.3123115774826424,0.45825756949558394,0.3,2.0,0.0
3016.0,2203.451926811284,3598.7132298069414,127.34192569604588,16.404942409738688,0.49749371855331004,0.45,1.0,0.0
3017.0,5010.532488879204,5309.25982179728,0.0,0.0,0.0,0.0,0.0,0.0
3018.0,2924.6484110182837,3586.4882994269497,112.80538604986893,12.315441296001895,0.3666060555964673,0.16,1.0,0.0
3019.0,3216.0777312971586,4018.80324637197,0.0,0.0,0.0,0.0,0.0,0.0
3020.0,132.37401291477403,227.9137052253469,97.19597629376591,9.252997236562498,0.44395945760846234,0.27,1.0,0.0
3021.0,681.7014766571791,1703.8796527556513,0.0,0.0,0.32496153618543844,0.12,0.0,0.0
3022.0,2051.502142319771,2738.223241562853,0.0,0.0,0.0,0.0,0.0,0.0
3023.0,13.610690816906585,2.2717198578887046,0.0,0.0,0.0,0.0,0.0,0.0
3024.0,1703.2796801459313,1904.212700004988,0.0,0.0,0.0,0.0,0.0,0.0
3025.0,899.2324291971022,786.5684853968662,0.0,0.0,0.0,0.0,0.0,0.0
3026.0,7.3476961342708655,2.125393833648514,0.0,0.0,0.0,0.0,0.0,0.0
3027.0,4591.4788504008575,4093.759719829994,0.0,0.0,0.0,0.0,0.0,0.0
3028.0,165.286510862091,470.8550343818899,0.0,0.0,0.3,0.1,1.0,0.0
3029.0,2742.125451060635,3590.193032726481,0.0,0.0,0.3570714214271425,0.15,1.0,0.0
3030.0,2021.3272160102322,2519.957004878404,0.0,0.0,0.0,0.0,0.0,0.0
3031.0,3980.119079657236,4627.4641612315845,0.0,0.0,0.33630343441600474,0.13,1.0,0.0
3032.0,3611.1982988039013,2385.4532168249907,0.0,0.0,0.0,0.0,0.0,0.0
3033.0,24.35514213592946,44.61481410176216,0.0,0.0,0.0,0.0,0.0,0.0
3034.0,6597.9572221006165,4884.961157675801,171.22036232708587,3.9595736482077557,0.3,0.1,0.0,0.0
3035.0,10.849075369483078,7.636559129566443,0.0,0.0,0.0,0.0,0.0,0.0
3036.0,2777.787540353222,3581.027817451941,0.0,0.0,0.44395945760846234,0.27,3.0,0.0
3037.0,731.706354726982,1142.1428816396729,0.0,0.0,0.4737087712930805,0.34,1.0,0.0
3038.0,89.02108741664227,291.29844660946566,0.0,0.0,0.0,0.0,0.0,0.0
3039.0,3663.115504636543,2230.2124685092804,0.0,0.0,0.3249615361854384,0.12,2.0,0.0
3040.0,477.2604183075334,784.1305260335589,0.0,0.0,0.4386342439892262,0.26,2.0,0.0
3041.0,1599.0728685546121,3342.0916850162375,0.0,0.0,0.0,0.0,0.0,0.0
3042.0,4854.8015137424445,5149.266125561695,0.0,0.0,0.4386342439892261,0.26,0.0,0.0
3043.0,2705.9635742992964,4473.663915184244,0.0,0.0,0.31288975694324034,0.11,1.0,0.0
3044.0,1705.0160545451965,2839.5870880755047,0.0,0.0,0.4386342439892262,0.26,0.0,0.0
3045.0,8.724844899168176,1.9884466716399278,0.0,0.0,0.0,0.0,0.0,0.0
3046.0,5031.871366391879,4366.085835165565,0.0,0.0,0.0,0.0,0.0,0.0
3047.0,1326.8308410993154,2129.677329292425,126.80789138589338,28.44745552104733,0.4918333050943175,0.41,2.0,0.0
3048.0,8.263614988166513,1.0551554435483181,0.0,0.0,0.0,0.0,0.0,0.0
3049.0,1693.2305964844013,1131.2571908447137,0.0,0.0,0.0,0.0,0.0,0.0
3050.0,2551.398670153521,3645.750576525403,0.0,0.0,0.44899888641287294,0.28,2.0,0.0
3051.0,5796.614658084121,3873.0862249119423,124.12125927506712,4.76318147215056,0.375632799419859,0.83,5.0,0.0
3052.0,3542.8184107979982,2293.2443627398156,116.34793184230581,2.8572504168324726,0.4983974317750844,0.54,3.0,0.0
3053.0,4476.71893933412,3181.9980008231805,129.5432170883486,30.394480538191697,0.407308237088326,0.21,2.0,0.0
3054.0,3655.8465833797836,4052.7910929639347,0.0,0.0,0.44899888641287283,0.28,3.0,0.0
3055.0,17.909837425951856,12.605492899436236,0.0,0.0,0.0,0.0,0.0,0.0
3056.0,5047.646181267292,4442.324477547094,0.0,0.0,0.3923009049186606,0.19,1.0,0.0
3057.0,8.065011346125493,1.4900038181677187,0.0,0.0,0.0,0.0,0.0,0.0
3058.0,569.4861506370244,782.768735823904,0.0,0.0,0.0,0.0,0.0,0.0
3059.0,20.948546187488702,51.45469423150397,0.0,0.0,0.0,0.0,0.0,0.0
3060.0,1021.3097875870441,1031.631318603134,0.0,0.0,0.3923009049186606,0.19,1.0,0.0
3061.0,43.88593316865635,132.66368290975296,145.76183990838257,6.352482149742783,0.3249615361854384,0.12,0.0,0.0
3062.0,6.43113319188624,0.15405011269578614,0.0,0.0,0.0,0.0,0.0,0.0
3063.0,5821.06947174329,4298.906656339831,130.34345589924385,7.096544965288235,0.49909918853871116,0.47,3.0,0.0
3064.0,6732.776261573117,3658.9160470032803,123.73825363739063,4.565093664813375,0.0,1.0,4.0,0.0
3065.0,4426.9711996733595,2660.8141070099814,119.18097634458887,0.5539219401189578,0.49989998999799945,0.49,2.0,0.0
3066.0,4797.225086073423,2672.7265768762322,0.0,0.0,0.31288975694324034,0.11,1.0,0.0
3067.0,365.3503842877602,973.3468912253876,0.0,0.0,0.4,0.2,0.0,0.0
3068.0,8.481466860563401,0.8710547184300795,0.0,0.0,0.0,0.0,0.0,0.0
3069.0,7651.762739397685,3548.6716296789723,0.0,0.0,0.0,0.0,0.0,0.0
3070.0,7855.714611342572,1794.0795515633142,0.0,0.0,0.0,0.0,0.0,0.0
3071.0,6598.904358924762,3459.3786489893246,0.0,0.0,0.0,0.0,0.0,0.0
3072.0,202.32480052767033,326.46215516083214,0.0,0.0,0.3841874542459709,0.18,2.0,0.0
3073.0,389.7506155973951,785.9640774086101,0.0,0.0,0.0,0.0,0.0,0.0
3074.0,1153.329725293395,2466.976071624301,0.0,0.0,0.3,0.1,2.0,0.0
3075.0,5717.7002607921495,3988.447798564669,129.20758351844975,5.106021375856461,0.4439594576084623,0.73,5.0,0.0
3076.0,5667.640163638317,2933.185576406871,121.75282566757501,6.338133432590254,0.48000000000000004,0.64,5.0,0.0
3077.0,5922.5838504118365,3986.393899890464,0.0,0.0,0.36660605559646725,0.16,1.0,0.0
3078.0,1016.6359304383652,1667.155997732745,130.4132651182195,20.840433155812143,0.4702127178203499,0.33,0.0,0.0
3079.0,3686.5103091409273,4551.159382022358,0.0,0.0,0.3249615361854384,0.12,1.0,0.0
3080.0,1393.7746215293682,2804.5278177481505,101.83532901741158,6.782523949144299,0.3363034344160047,0.13,0.0,0.0
3081.0,569.6671964892694,1044.410605294442,0.0,0.0,0.0,0.0,0.0,0.0
3082.0,671.1707582853356,1432.945493565556,0.0,0.0,0.0,0.0,0.0,0.0
3083.0,7.683651147980069,0.32144375525276525,0.0,0.0,0.0,0.0,0.0,0.0
3084.0,252.93333096252934,418.78795781841393,0.0,0.0,0.0,0.0,0.0,0.0
3085.0,6.406574855405117,0.010362374882367941,0.0,0.0,0.0,0.0,0.0,0.0
3086.0,100.61946859934964,307.0785247437995,0.0,0.0,0.3,0.1,0.0,0.0
3087.0,2321.608435842957,2944.092374256393,0.0,0.0,0.47696960070847283,0.35,3.0,0.0
3088.0,8.620957840027016,0.8035391786116379,0.0,0.0,0.0,0.0,0.0,0.0
3089.0,6061.591846833206,4659.56429489298,0.0,0.0,0.0,0.0,0.0,0.0
3090.0,20.535814374433684,36.474225075479964,0.0,0.0,0.0,0.0,0.0,0.0
3091.0,12.367116885492738,29.976512207103223,0.0,0.0,0.0,0.0,0.0,0.0
3092.0,4552.385956570086,2941.053473597272,0.0,0.0,0.0,0.0,0.0,0.0
3093.0,222.49056766621027,428.63231062718927,128.87006753728627,35.905522087850734,0.4,0.2,2.0,0.0
3094.0,7.955076957394538,0.4788569822362028,0.0,0.0,0.0,0.0,0.0,0.0
3095.0,7.709010514121626,1.8950197433723994,0.0,0.0,0.0,0.0,0.0,0.0
3096.0,6.408741763449288,0.008787006200604177,0.0,0.0,0.0,0.0,0.0,0.0
3097.0,4641.820616257293,3864.89844829549,0.0,0.0,0.49959983987187184,0.52,5.0,0.0
3098.0,6833.280166205793,4043.1261107607756,129.76292939013263,5.064682078872677,0.33630343441600474,0.87,5.0,0.0
3099.0,4876.662390197075,3077.3757342094455,0.0,0.0,0.4,0.8,4.0,0.0
3100.0,4307.363352870342,3122.7265672505764,112.98893818203314,2.099790859122716,0.3570714214271425,0.15,1.0,0.0
3101.0,2397.6972380320467,3161.535661497632,92.969546430411,15.594714338052013,0.31288975694324034,0.11,1.0,0.0
3102.0,1465.6509119934406,3795.5245362934065,0.0,0.0,0.0,0.0,0.0,0.0
3103.0,5231.514110319796,3741.7751836607863,0.0,0.0,0.0,0.0,0.0,0.0
3104.0,32.16693587770879,73.31449260814162,0.0,0.0,0.0,0.0,0.0,0.0
3105.0,1168.1292061839492,1615.481736661336,0.0,0.0,0.0,0.0,0.0,0.0
3106.0,1748.7488872360964,1989.3857511461613,0.0,0.0,0.0,0.0,0.0,0.0
3107.0,9.151158383307065,1.462043924146986,0.0,0.0,0.0,0.0,0.0,0.0
3108.0,23.77312015595552,31.093075945850615,0.0,0.0,0.0,0.0,0.0,0.0
3109.0,3188.4899973609613,3963.270559834561,0.0,0.0,0.47021271782034985,0.33,2.0,0.0
3110.0,6239.197151796094,3487.087130495223,125.62625850254247,4.5534802379806205,0.4000000000000001,0.8,4.0,0.0
3111.0,4777.584804487264,2997.8554927710047,116.02438732028321,4.77272896880163,0.4898979485566357,0.4,2.0,0.0
3112.0,4472.347773709796,2242.9274644077414,0.0,0.0,0.0,0.0,0.0,0.0
3113.0,550.0323812151265,1379.134592659894,0.0,0.0,0.0,0.0,0.0,0.0
3114.0,5997.358598286615,4314.471314997846,0.0,0.0,0.31288975694324034,0.11,0.0,0.0
3115.0,1601.277884785272,2673.597251309502,0.0,0.0,0.3249615361854384,0.12,1.0,0.0
3116.0,3470.2205900586478,3975.1423577908695,0.0,0.0,0.3,0.1,2.0,0.0
3117.0,1558.1784974954028,2217.2985287635684,0.0,0.0,0.36660605559646725,0.16,0.0,0.0
3118.0,7.62847538378313,1.617941076042321,0.0,0.0,0.0,0.0,0.0,0.0
3119.0,498.55228199113606,1529.9736625889095,0.0,0.0,0.0,0.0,0.0,0.0
3120.0,2026.543739480378,3469.355623369342,0.0,0.0,0.49507575177946245,0.43,2.0,0.0
3121.0,3923.94451794093,5024.81938295206,0.0,0.0,0.33630343441600474,0.13,0.0,0.0
3122.0,1779.137575194983,1673.9290279193087,0.0,0.0,0.49507575177946245,0.43,1.0,0.0
3123.0,7.390966268288359,1.507434057177152,0.0,0.0,0.0,0.0,0.0,0.0
3124.0,2687.7192693345464,3139.10582804188,0.0,0.0,0.31288975694324034,0.11,2.0,0.0
3125.0,11.136871561849386,5.467228095174329,0.0,0.0,0.0,0.0,0.0,0.0
3126.0,1582.595319346251,3172.7164139313754,0.0,0.0,0.0,0.0,0.0,0.0
3127.0,5601.160465883703,3892.535395132394,128.21399619900006,4.375599355887221,0.3923009049186606,0.81,4.0,0.0
3128.0,5528.387593201312,3419.0234494082742,0.0,0.0,0.49989998999799956,0.51,4.0,0.0
3129.0,3440.8298588454886,3276.585302697315,113.88212803274149,4.156812576208994,0.4386342439892262,0.26,1.0,0.0
3130.0,1896.715343950477,3441.3015735273166,0.0,0.0,0.0,0.0,0.0,0.0
3131.0,3585.7175743606076,4726.134705645284,0.0,0.0,0.39230090491866065,0.19,0.0,0.0
3132.0,2707.8751850083772,3765.113010120964,0.0,0.0,0.3923009049186606,0.19,1.0,0.0
3133.0,15.91892674108541,21.051859126817977,0.0,0.0,0.0,0.0,0.0,0.0
3134.0,4932.7892985505305,4391.073818372862,0.0,0.0,0.4963869458396343,0.44,0.0,1.0
3135.0,14.313337200873653,8.869644862699063,0.0,0.0,0.0,0.0,0.0,0.0
3136.0,6529.336409041844,5565.867053958584,0.0,0.0,0.4330127018922193,0.25,1.0,0.0
3137.0,1326.022805524115,1999.7080713428127,0.0,0.0,0.3,0.1,2.0,0.0
3138.0,9.667552014266969,1.9608413669516986,0.0,0.0,0.0,0.0,0.0,0.0
3139.0,5220.099801512551,5298.142680181522,0.0,0.0,0.39230090491866065,0.19,2.0,0.0
3140.0,3305.66028387786,2180.735627340711,0.0,0.0,0.0,0.0,0.0,0.0
3141.0,16.973871945055226,28.691010057794685,0.0,0.0,0.0,0.0,0.0,0.0
3142.0,4514.61817786329,4879.345254975131,0.0,0.0,0.4208325082500164,0.23,1.0,0.0
3143.0,2684.201060788534,2525.4684304449206,0.0,0.0,0.44899888641287283,0.28,0.0,0.0
3144.0,9.780200074473218,0.7827706302237583,0.0,0.0,0.0,0.0,0.0,0.0
3145.0,487.8219196068222,2105.1840527378504,0.0,0.0,0.39230090491866065,0.19,1.0,0.0
3146.0,6643.556489423267,4805.798146062471,122.55458095860922,15.373986912527846,0.407308237088326,0.21,2.0,0.0
3147.0,8.874973182571402,5.76320873189845,0.0,0.0,0.0,0.0,0.0,0.0
3148.0,4123.811266842264,3945.3531327561227,0.0,0.0,0.4950757517794625,0.43,2.0,0.0
3149.0,23.131801053527706,26.91629390862193,0.0,0.0,0.0,0.0,0.0,0.0
